0.001000 1.229197 0.000000 0.000000
1.001000 1.229195 0.000139 0.000000
2.001000 1.229155 0.000485 0.000000
3.001000 1.229015 0.000880 0.000000
4.001000 1.228744 0.001173 0.000001
5.001000 1.228391 0.001307 0.000002
6.001000 1.228071 0.001330 0.000003
7.001000 1.227891 0.001325 0.000003
8.001000 1.227876 0.001332 0.000003
9.001000 1.227940 0.001308 0.000003
10.001000 1.227949 0.001182 0.000003
11.001000 1.227812 0.000942 0.000003
12.001000 1.227551 0.000712 0.000003
13.001000 1.227285 0.000708 0.000005
14.001000 1.227130 0.001128 0.000009
15.001000 1.227100 0.002011 0.000011
16.001000 1.227069 0.003185 0.000010
17.001000 1.226844 0.004340 0.000013
18.001000 1.226302 0.005185 0.000025
19.001000 1.225491 0.005594 0.000042
20.001000 1.224629 0.005649 0.000055
21.001000 1.223982 0.005553 0.000060
22.001000 1.223698 0.005478 0.000058
23.001000 1.223700 0.005447 0.000058
24.001000 1.223730 0.005345 0.000057
25.001000 1.223513 0.005065 0.000053
26.001000 1.222948 0.004672 0.000049
27.001000 1.222181 0.004452 0.000059
28.001000 1.221500 0.004784 0.000086
29.001000 1.221128 0.005902 0.000114
30.001000 1.221051 0.007726 0.000124
31.001000 1.221009 0.009855 0.000124
32.001000 1.220656 0.011758 0.000145
33.001000 1.219791 0.013020 0.000204
34.001000 1.218506 0.013535 0.000279
35.001000 1.217155 0.013514 0.000330
36.001000 1.216144 0.013325 0.000340
37.001000 1.215672 0.013240 0.000333
38.001000 1.215588 0.013269 0.000333
39.001000 1.215477 0.013201 0.000331
40.001000 1.214940 0.012858 0.000313
41.001000 1.213879 0.012355 0.000302
42.001000 1.212573 0.012144 0.000347
43.001000 1.211475 0.012765 0.000451
44.001000 1.210897 0.014502 0.000550
45.001000 1.210779 0.017177 0.000586
46.001000 1.210718 0.020206 0.000587
47.001000 1.210220 0.022869 0.000644
48.001000 1.209010 0.024622 0.000800
49.001000 1.207226 0.025321 0.000997
50.001000 1.205367 0.025243 0.001127
51.001000 1.204007 0.024889 0.001153
52.001000 1.203430 0.024657 0.001133
53.001000 1.203417 0.024582 0.001127
54.001000 1.203365 0.024386 0.001114
55.001000 1.202692 0.023835 0.001061
56.001000 1.201257 0.023112 0.001033
57.001000 1.199458 0.022842 0.001144
58.001000 1.197933 0.023711 0.001389
59.001000 1.197109 0.026001 0.001612
60.001000 1.196924 0.029400 0.001691
61.001000 1.196870 0.033154 0.001693
62.001000 1.196316 0.036403 0.001805
63.001000 1.194888 0.038525 0.002116
64.001000 1.192711 0.039361 0.002507
65.001000 1.190367 0.039249 0.002767
66.001000 1.188562 0.038819 0.002821
67.001000 1.187683 0.038592 0.002785
68.001000 1.187499 0.038624 0.002781
69.001000 1.187272 0.038522 0.002766
70.001000 1.186273 0.037933 0.002664
71.001000 1.184347 0.037077 0.002602
72.001000 1.182030 0.036756 0.002813
73.001000 1.180117 0.037806 0.003281
74.001000 1.179103 0.040515 0.003707
75.001000 1.178874 0.044476 0.003863
76.001000 1.178811 0.048829 0.003866
77.001000 1.178157 0.052630 0.004034
78.001000 1.176468 0.055180 0.004531
79.001000 1.173878 0.056233 0.005179
80.001000 1.171066 0.056094 0.005635
81.001000 1.168895 0.055460 0.005745
82.001000 1.167879 0.055001 0.005677
83.001000 1.167789 0.054864 0.005651
84.001000 1.167707 0.054604 0.005612
85.001000 1.166665 0.053762 0.005421
86.001000 1.164421 0.052613 0.005290
87.001000 1.161640 0.052169 0.005620
88.001000 1.159315 0.053392 0.006376
89.001000 1.158051 0.056502 0.007047
90.001000 1.157742 0.060920 0.007277
91.001000 1.157696 0.065660 0.007269
92.001000 1.157052 0.069753 0.007512
93.001000 1.155264 0.072507 0.008240
94.001000 1.152406 0.073671 0.009198
95.001000 1.149173 0.073534 0.009889
96.001000 1.146520 0.072843 0.010073
97.001000 1.145093 0.072381 0.009983
98.001000 1.144730 0.072365 0.009960
99.001000 1.144432 0.072247 0.009935
100.001000 1.143060 0.071394 0.009655
101.001000 1.140326 0.070088 0.009424
102.001000 1.137052 0.069548 0.009890
103.001000 1.134393 0.070869 0.011012
104.001000 1.132976 0.074209 0.012008
105.001000 1.132631 0.078880 0.012352
106.001000 1.132578 0.083858 0.012334
107.001000 1.131875 0.088203 0.012626
108.001000 1.129916 0.091224 0.013560
109.001000 1.126764 0.092582 0.014835
110.001000 1.123156 0.092446 0.015811
111.001000 1.120160 0.091539 0.016109
112.001000 1.118561 0.090770 0.015979
113.001000 1.118271 0.090519 0.015906
114.001000 1.118179 0.090234 0.015852
115.001000 1.116864 0.089122 0.015436
116.001000 1.113873 0.087465 0.015043
117.001000 1.110169 0.086745 0.015641
118.001000 1.107136 0.088193 0.017182
119.001000 1.105488 0.091818 0.018506
120.001000 1.105057 0.096711 0.018901
121.001000 1.105026 0.101748 0.018829
122.001000 1.104382 0.106047 0.019202
123.001000 1.102432 0.109033 0.020397
124.001000 1.099155 0.110410 0.022005
125.001000 1.095246 0.110298 0.023248
126.001000 1.091805 0.109374 0.023656
127.001000 1.089728 0.108601 0.023514
128.001000 1.089057 0.108454 0.023449
129.001000 1.088690 0.108338 0.023442
130.001000 1.087052 0.107253 0.022929
131.001000 1.083580 0.105428 0.022350
132.001000 1.079408 0.104587 0.023082
133.001000 1.076111 0.106085 0.025103
134.001000 1.074368 0.109791 0.026823
135.001000 1.073914 0.114679 0.027308
136.001000 1.073879 0.119641 0.027188
137.001000 1.073204 0.123897 0.027597
138.001000 1.071163 0.126950 0.028975
139.001000 1.067717 0.128445 0.030864
140.001000 1.063565 0.128347 0.032386
141.001000 1.059862 0.127229 0.032944
142.001000 1.057616 0.126120 0.032771
143.001000 1.056978 0.125684 0.032627
144.001000 1.056832 0.125403 0.032598
145.001000 1.055347 0.124100 0.031950
146.001000 1.051699 0.121915 0.031122
147.001000 1.047131 0.120860 0.031962
148.001000 1.043508 0.122471 0.034521
149.001000 1.041575 0.126397 0.036625
150.001000 1.041038 0.131350 0.037071
151.001000 1.041026 0.136131 0.036808
152.001000 1.040441 0.140061 0.037303
153.001000 1.038491 0.142838 0.038973
154.001000 1.035053 0.144224 0.041163
155.001000 1.030748 0.144148 0.042888
156.001000 1.026704 0.143074 0.043539
157.001000 1.023990 0.141998 0.043378
158.001000 1.022894 0.141653 0.043264
159.001000 1.022400 0.141543 0.043328
160.001000 1.020598 0.140315 0.042626
161.001000 1.016505 0.137988 0.041555
162.001000 1.011496 0.136815 0.042501
163.001000 1.007678 0.138469 0.045643
164.001000 1.005724 0.142374 0.048197
165.001000 1.005186 0.147131 0.048662
166.001000 1.005171 0.151626 0.048278
167.001000 1.004574 0.155311 0.048801
168.001000 1.002594 0.157987 0.050639
169.001000 0.999100 0.159399 0.053036
170.001000 0.994695 0.159330 0.054968
171.001000 0.990513 0.158104 0.055757
172.001000 0.987689 0.156720 0.055580
173.001000 0.986613 0.156076 0.055374
174.001000 0.986320 0.155810 0.055428
175.001000 0.984737 0.154440 0.054653
176.001000 0.980573 0.151808 0.053301
177.001000 0.975215 0.150430 0.054312
178.001000 0.971113 0.152224 0.058111
179.001000 0.969023 0.156337 0.061146
180.001000 0.968417 0.161076 0.061478
181.001000 0.968428 0.165261 0.060820
182.001000 0.967941 0.168452 0.061437
183.001000 0.966099 0.170678 0.063641
184.001000 0.962716 0.171864 0.066322
185.001000 0.958301 0.171799 0.068349
186.001000 0.953916 0.170680 0.069164
187.001000 0.950703 0.169401 0.069021
188.001000 0.949160 0.168868 0.068893
189.001000 0.948461 0.168766 0.069092
190.001000 0.946555 0.167514 0.068337
191.001000 0.942008 0.164809 0.066744
192.001000 0.936255 0.163358 0.067827
193.001000 0.932014 0.165228 0.072300
194.001000 0.929979 0.169272 0.075879
195.001000 0.929403 0.173685 0.076184
196.001000 0.929414 0.177460 0.075316
197.001000 0.928934 0.180315 0.075958
198.001000 0.927100 0.182359 0.078349
199.001000 0.923746 0.183504 0.081188
200.001000 0.919364 0.183428 0.083336
201.001000 0.914980 0.182196 0.084251
202.001000 0.911754 0.180672 0.084102
203.001000 0.910260 0.179884 0.083881
204.001000 0.909746 0.179658 0.084085
205.001000 0.908090 0.178345 0.083345
206.001000 0.903579 0.175443 0.081509
207.001000 0.897558 0.173850 0.082607
208.001000 0.893067 0.175925 0.087827
209.001000 0.890944 0.180221 0.092054
210.001000 0.890326 0.184595 0.092224
211.001000 0.890368 0.188009 0.090950
212.001000 0.890015 0.190304 0.091691
213.001000 0.888343 0.191819 0.094580
214.001000 0.885152 0.192669 0.097754
215.001000 0.880877 0.192584 0.099908
216.001000 0.876431 0.191512 0.100757
217.001000 0.872933 0.190173 0.100657
218.001000 0.871022 0.189543 0.100583
219.001000 0.870088 0.189482 0.100987
220.001000 0.868100 0.188314 0.100337
221.001000 0.863275 0.185426 0.098297
222.001000 0.856940 0.183849 0.099427
223.001000 0.852358 0.186064 0.105366
224.001000 0.850347 0.190295 0.110268
225.001000 0.849794 0.194274 0.110461
226.001000 0.849841 0.197205 0.108910
227.001000 0.849515 0.199141 0.109668
228.001000 0.847882 0.200475 0.112809
229.001000 0.844766 0.201267 0.116153
230.001000 0.840627 0.201154 0.118372
231.001000 0.836318 0.199997 0.119281
232.001000 0.832918 0.198485 0.119177
233.001000 0.831111 0.197675 0.119008
234.001000 0.830364 0.197544 0.119416
235.001000 0.828638 0.196391 0.118861
236.001000 0.823942 0.193430 0.116651
237.001000 0.817445 0.191817 0.117733
238.001000 0.812657 0.194327 0.124421
239.001000 0.810588 0.198900 0.130153
240.001000 0.810021 0.202885 0.130343
241.001000 0.810104 0.205454 0.128307
242.001000 0.809926 0.206817 0.129137
243.001000 0.808474 0.207612 0.132948
244.001000 0.805530 0.208099 0.136785
245.001000 0.801554 0.207982 0.138987
246.001000 0.797308 0.207033 0.139741
247.001000 0.793763 0.205777 0.139697
248.001000 0.791622 0.205172 0.139753
249.001000 0.790480 0.205209 0.140415
250.001000 0.788430 0.204208 0.139992
251.001000 0.783485 0.201340 0.137607
252.001000 0.776779 0.199854 0.138655
253.001000 0.771957 0.202585 0.146011
254.001000 0.770031 0.207132 0.152509
255.001000 0.769556 0.210711 0.152872
256.001000 0.769645 0.212769 0.150552
257.001000 0.769512 0.213770 0.151352
258.001000 0.768136 0.214418 0.155489
259.001000 0.765291 0.214869 0.159593
260.001000 0.761502 0.214718 0.161879
261.001000 0.757502 0.213696 0.162672
262.001000 0.754171 0.212327 0.162626
263.001000 0.752202 0.211627 0.162571
264.001000 0.751259 0.211661 0.163202
265.001000 0.749473 0.210737 0.162911
266.001000 0.744728 0.207906 0.160423
267.001000 0.737980 0.206508 0.161321
268.001000 0.733011 0.209636 0.169286
269.001000 0.731044 0.214637 0.176689
270.001000 0.730575 0.218326 0.177259
271.001000 0.730704 0.220075 0.174460
272.001000 0.730732 0.220511 0.175230
273.001000 0.729567 0.220636 0.180156
274.001000 0.726890 0.220810 0.184989
275.001000 0.723258 0.220681 0.187356
276.001000 0.719387 0.219910 0.187938
277.001000 0.716029 0.218852 0.187947
278.001000 0.713825 0.218396 0.188198
279.001000 0.712535 0.218592 0.189130
280.001000 0.710448 0.217802 0.188972
281.001000 0.705519 0.215118 0.186297
282.001000 0.698676 0.213953 0.187040
283.001000 0.693742 0.217380 0.195480
284.001000 0.691932 0.222400 0.203601
285.001000 0.691565 0.225721 0.204503
286.001000 0.691696 0.226980 0.201483
287.001000 0.691771 0.227062 0.202104
288.001000 0.690726 0.227068 0.207335
289.001000 0.688177 0.227237 0.212548
290.001000 0.684740 0.227067 0.215109
291.001000 0.681171 0.226212 0.215756
292.001000 0.678130 0.225078 0.215762
293.001000 0.676173 0.224600 0.215870
294.001000 0.675099 0.224861 0.216687
295.001000 0.673265 0.224197 0.216623
296.001000 0.668581 0.221629 0.213865
297.001000 0.661812 0.220665 0.214303
298.001000 0.656810 0.224588 0.223033
299.001000 0.654970 0.230176 0.231910
300.001000 0.654618 0.233744 0.233158
301.001000 0.654790 0.234800 0.229728
302.001000 0.655025 0.234356 0.230123
303.001000 0.654222 0.233855 0.236069
304.001000 0.651853 0.233788 0.242172
305.001000 0.648536 0.233683 0.244988
306.001000 0.645088 0.233115 0.245424
307.001000 0.642095 0.232328 0.245452
308.001000 0.640004 0.232110 0.245916
309.001000 0.638646 0.232513 0.247049
310.001000 0.636538 0.231942 0.247057
311.001000 0.631726 0.229536 0.244036
312.001000 0.624979 0.228888 0.244131
313.001000 0.620092 0.233169 0.252987
314.001000 0.618413 0.238815 0.262321
315.001000 0.618157 0.242068 0.263938
316.001000 0.618317 0.242688 0.260383
317.001000 0.618585 0.241919 0.260447
318.001000 0.617932 0.241318 0.266488
319.001000 0.615737 0.241268 0.272944
320.001000 0.612616 0.241109 0.276070
321.001000 0.609470 0.240421 0.276648
322.001000 0.606850 0.239554 0.276667
323.001000 0.605084 0.239358 0.276935
324.001000 0.603970 0.239880 0.277809
325.001000 0.602097 0.239466 0.277761
326.001000 0.597541 0.237222 0.274595
327.001000 0.590962 0.236858 0.274196
328.001000 0.586098 0.241708 0.282876
329.001000 0.584407 0.248025 0.292544
330.001000 0.584164 0.251680 0.294435
331.001000 0.584362 0.252240 0.290532
332.001000 0.584773 0.251017 0.290128
333.001000 0.584379 0.249938 0.296563
334.001000 0.582394 0.249697 0.303818
335.001000 0.579366 0.249660 0.307288
336.001000 0.576285 0.249301 0.307687
337.001000 0.573719 0.248801 0.307662
338.001000 0.571893 0.248859 0.308275
339.001000 0.570569 0.249484 0.309428
340.001000 0.568457 0.249103 0.309308
341.001000 0.563813 0.247002 0.305716
342.001000 0.557352 0.247005 0.304753
343.001000 0.552691 0.252243 0.313127
344.001000 0.551170 0.258634 0.322795
345.001000 0.551004 0.262042 0.324897
346.001000 0.551171 0.262246 0.320940
347.001000 0.551580 0.260745 0.320037
348.001000 0.551341 0.259583 0.326213
349.001000 0.549584 0.259371 0.333575
350.001000 0.546774 0.259272 0.337333
351.001000 0.543969 0.258750 0.337956
352.001000 0.541777 0.258132 0.337926
353.001000 0.540324 0.258217 0.338295
354.001000 0.539283 0.258995 0.339025
355.001000 0.537396 0.258789 0.338603
356.001000 0.532994 0.256868 0.334698
357.001000 0.526759 0.257208 0.333063
358.001000 0.522207 0.263055 0.340803
359.001000 0.520703 0.270188 0.350215
360.001000 0.520550 0.274165 0.352268
361.001000 0.520750 0.274491 0.347951
362.001000 0.521274 0.272641 0.346379
363.001000 0.521281 0.271050 0.352520
364.001000 0.519768 0.270708 0.360335
365.001000 0.517057 0.270812 0.364301
366.001000 0.514256 0.270695 0.364738
367.001000 0.512066 0.270484 0.364579
368.001000 0.510578 0.270809 0.365238
369.001000 0.509394 0.271642 0.366190
370.001000 0.507317 0.271408 0.365506
371.001000 0.502860 0.269599 0.360938
372.001000 0.496808 0.270339 0.358520
373.001000 0.492535 0.276580 0.365605
374.001000 0.491215 0.283773 0.374536
375.001000 0.491117 0.287577 0.376492
376.001000 0.491267 0.287674 0.372137
377.001000 0.491750 0.285618 0.369989
378.001000 0.491883 0.283966 0.375544
379.001000 0.490633 0.283672 0.383132
380.001000 0.488191 0.283713 0.387189
381.001000 0.485657 0.283413 0.387872
382.001000 0.483804 0.283059 0.387734
383.001000 0.482695 0.283393 0.388135
384.001000 0.481827 0.284390 0.388580
385.001000 0.479985 0.284351 0.387357
386.001000 0.475753 0.282732 0.382250
387.001000 0.469947 0.283843 0.379006
388.001000 0.465844 0.290718 0.385176
389.001000 0.464577 0.298679 0.393354
390.001000 0.464498 0.303200 0.394815
391.001000 0.464680 0.303651 0.389994
392.001000 0.465251 0.301409 0.387070
393.001000 0.465593 0.299399 0.392230
394.001000 0.464595 0.299051 0.399884
395.001000 0.462284 0.299395 0.403843
396.001000 0.459728 0.299619 0.404222
397.001000 0.457806 0.299783 0.403866
398.001000 0.456634 0.300386 0.404474
399.001000 0.455663 0.301399 0.405130
400.001000 0.453688 0.301286 0.403517
401.001000 0.449442 0.299756 0.397522
402.001000 0.443861 0.301297 0.393306
403.001000 0.440083 0.308581 0.398650
404.001000 0.439013 0.316568 0.406080
405.001000 0.438969 0.320968 0.407166
406.001000 0.439085 0.321354 0.402291
407.001000 0.439582 0.319042 0.398827
408.001000 0.440005 0.317015 0.403212
409.001000 0.439272 0.316737 0.410422
410.001000 0.437284 0.317023 0.414268
411.001000 0.435024 0.317051 0.414841
412.001000 0.433407 0.317093 0.414549
413.001000 0.432581 0.317726 0.414914
414.001000 0.431936 0.318904 0.415096
415.001000 0.430214 0.319001 0.412864
416.001000 0.426196 0.317673 0.406175
417.001000 0.420864 0.319605 0.401026
418.001000 0.417286 0.327547 0.405375
419.001000 0.416298 0.336303 0.411866
420.001000 0.416282 0.341507 0.412136
421.001000 0.416434 0.342483 0.406658
422.001000 0.417007 0.340214 0.402408
423.001000 0.417594 0.337938 0.406176
424.001000 0.417088 0.337692 0.413198
425.001000 0.415253 0.338384 0.416682
426.001000 0.412987 0.339049 0.416769
427.001000 0.411252 0.339771 0.416172
428.001000 0.410303 0.340805 0.416641
429.001000 0.409556 0.342008 0.417052
430.001000 0.407753 0.341998 0.414456
431.001000 0.403776 0.340749 0.406805
432.001000 0.398703 0.343127 0.400577
433.001000 0.395469 0.351501 0.404067
434.001000 0.394676 0.360259 0.409846
435.001000 0.394675 0.365349 0.409689
436.001000 0.394743 0.366408 0.404190
437.001000 0.395221 0.364256 0.399546
438.001000 0.395849 0.362039 0.402489
439.001000 0.395584 0.361890 0.409000
440.001000 0.394100 0.362532 0.412320
441.001000 0.392181 0.362963 0.412567
442.001000 0.390754 0.363572 0.412095
443.001000 0.390108 0.364710 0.412351
444.001000 0.389662 0.366118 0.412370
445.001000 0.388125 0.366324 0.409256
446.001000 0.384395 0.365273 0.400953
447.001000 0.379581 0.368017 0.393804
448.001000 0.376557 0.377039 0.396331
449.001000 0.375862 0.386557 0.401277
450.001000 0.375896 0.392472 0.400278
451.001000 0.376006 0.394281 0.394123
452.001000 0.376553 0.392413 0.388778
453.001000 0.377312 0.390083 0.391014
454.001000 0.377233 0.390041 0.397197
455.001000 0.375895 0.391186 0.400046
456.001000 0.373992 0.392321 0.399663
457.001000 0.372442 0.393721 0.398815
458.001000 0.371615 0.395440 0.399076
459.001000 0.371027 0.396971 0.399304
460.001000 0.369435 0.397065 0.395959
461.001000 0.365806 0.396070 0.386827
462.001000 0.361294 0.399226 0.378659
463.001000 0.358616 0.408655 0.380360
464.001000 0.358099 0.418154 0.384800
465.001000 0.358122 0.423928 0.383590
466.001000 0.358122 0.425892 0.377564
467.001000 0.358555 0.424308 0.372064
468.001000 0.359323 0.422130 0.373537
469.001000 0.359456 0.422195 0.379191
470.001000 0.358469 0.423297 0.381952
471.001000 0.356949 0.424132 0.381762
472.001000 0.355740 0.425337 0.381120
473.001000 0.355194 0.427199 0.381219
474.001000 0.354860 0.429009 0.381104
475.001000 0.353518 0.429333 0.377415
476.001000 0.350159 0.428506 0.367861
477.001000 0.345932 0.431930 0.358960
478.001000 0.343476 0.441894 0.359789
479.001000 0.343066 0.452089 0.363598
480.001000 0.343131 0.458644 0.361784
481.001000 0.343170 0.461405 0.355213
482.001000 0.343664 0.460278 0.349176
483.001000 0.344536 0.458108 0.349978
484.001000 0.344817 0.458309 0.355207
485.001000 0.343946 0.459970 0.357490
486.001000 0.342440 0.461540 0.356611
487.001000 0.341118 0.463535 0.355541
488.001000 0.340368 0.466071 0.355584
489.001000 0.339840 0.468127 0.355611
490.001000 0.338427 0.468367 0.351826
491.001000 0.335210 0.467559 0.341730
492.001000 0.331330 0.471291 0.332064
493.001000 0.329224 0.481530 0.332161
494.001000 0.328970 0.491632 0.335659
495.001000 0.328992 0.497987 0.333981
496.001000 0.328885 0.500888 0.327825
497.001000 0.329230 0.500136 0.321929
498.001000 0.330079 0.498186 0.322142
499.001000 0.330546 0.498459 0.326827
500.001000 0.330017 0.500048 0.329099
501.001000 0.328906 0.501251 0.328491
502.001000 0.327952 0.502892 0.327704
503.001000 0.327490 0.505476 0.327666
504.001000 0.327175 0.507833 0.327374
505.001000 0.325970 0.508319 0.323392
506.001000 0.323023 0.507632 0.313204
507.001000 0.319456 0.511465 0.303163
508.001000 0.317591 0.521998 0.302553
509.001000 0.317462 0.532621 0.305578
510.001000 0.317542 0.539630 0.303609
511.001000 0.317472 0.543259 0.297190
512.001000 0.317856 0.543025 0.291004
513.001000 0.318777 0.541158 0.290692
514.001000 0.319354 0.541529 0.294906
515.001000 0.318910 0.543646 0.296723
516.001000 0.317789 0.545569 0.295454
517.001000 0.316718 0.547919 0.294214
518.001000 0.316048 0.551123 0.294098
519.001000 0.315505 0.553762 0.293900
520.001000 0.314192 0.554187 0.289931
521.001000 0.311393 0.553471 0.279573
522.001000 0.308201 0.557448 0.269183
523.001000 0.306688 0.568018 0.268030
524.001000 0.306696 0.578385 0.270866
525.001000 0.306711 0.585084 0.269321
526.001000 0.306458 0.588761 0.263660
527.001000 0.306643 0.588904 0.257958
528.001000 0.307485 0.587287 0.257308
529.001000 0.308210 0.587655 0.261004
530.001000 0.308099 0.589603 0.262845
531.001000 0.307374 0.591075 0.261921
532.001000 0.306681 0.592896 0.261021
533.001000 0.306310 0.595939 0.260912
534.001000 0.305964 0.598771 0.260435
535.001000 0.304812 0.599406 0.256372
536.001000 0.302256 0.598755 0.246268
537.001000 0.299387 0.602636 0.235976
538.001000 0.298134 0.613160 0.234372
539.001000 0.298290 0.623761 0.236828
540.001000 0.298396 0.630894 0.235209
541.001000 0.298195 0.635115 0.229599
542.001000 0.298395 0.635718 0.223929
543.001000 0.299258 0.634206 0.222975
544.001000 0.300045 0.634594 0.226219
545.001000 0.299987 0.636933 0.227647
546.001000 0.299229 0.639027 0.226156
547.001000 0.298396 0.641427 0.224822
548.001000 0.297808 0.644932 0.224633
549.001000 0.297221 0.647947 0.224228
550.001000 0.295931 0.648474 0.220275
551.001000 0.293504 0.647735 0.210388
552.001000 0.291007 0.651570 0.200261
553.001000 0.290092 0.661811 0.198392
554.001000 0.290364 0.671924 0.200720
555.001000 0.290393 0.678603 0.199649
556.001000 0.289989 0.682717 0.195031
557.001000 0.289939 0.683609 0.190161
558.001000 0.290647 0.682341 0.189148
559.001000 0.291515 0.682655 0.191934
560.001000 0.291765 0.684679 0.193389
561.001000 0.291406 0.686194 0.192291
562.001000 0.290952 0.687894 0.191318
563.001000 0.290663 0.690990 0.191197
564.001000 0.290265 0.693974 0.190557
565.001000 0.289108 0.694578 0.186565
566.001000 0.286888 0.693836 0.177214
567.001000 0.284698 0.697394 0.167666
568.001000 0.284045 0.707202 0.165665
569.001000 0.284487 0.717176 0.167667
570.001000 0.284651 0.724016 0.166583
571.001000 0.284337 0.728408 0.162193
572.001000 0.284299 0.729579 0.157632
573.001000 0.284972 0.728381 0.156559
574.001000 0.285829 0.728645 0.158932
575.001000 0.286088 0.730880 0.160008
576.001000 0.285677 0.732820 0.158479
577.001000 0.285063 0.734901 0.157134
578.001000 0.284535 0.738242 0.156940
579.001000 0.283886 0.741217 0.156361
580.001000 0.282579 0.741574 0.152532
581.001000 0.280467 0.740662 0.143717
582.001000 0.278623 0.744017 0.134833
583.001000 0.278268 0.753199 0.132884
584.001000 0.278795 0.762389 0.134791
585.001000 0.278873 0.768632 0.134222
586.001000 0.278356 0.772765 0.130842
587.001000 0.278037 0.774064 0.127228
588.001000 0.278477 0.773060 0.126326
589.001000 0.279319 0.773215 0.128301
590.001000 0.279829 0.775020 0.129357
591.001000 0.279810 0.776231 0.128236
592.001000 0.279578 0.777433 0.127243
593.001000 0.279342 0.780123 0.127131
594.001000 0.278871 0.782794 0.126370
595.001000 0.277681 0.783007 0.122524
596.001000 0.275751 0.781994 0.114400
597.001000 0.274186 0.784976 0.106465
598.001000 0.274076 0.793383 0.104692
599.001000 0.274781 0.802001 0.106315
600.001000 0.275036 0.808096 0.105697
601.001000 0.274664 0.812239 0.102554
602.001000 0.274383 0.813565 0.099357
603.001000 0.274750 0.812519 0.098578
604.001000 0.275500 0.812584 0.100183
605.001000 0.275953 0.814466 0.100848
606.001000 0.275859 0.815880 0.099433
607.001000 0.275460 0.817202 0.098182
608.001000 0.274967 0.819871 0.098009
609.001000 0.274227 0.822297 0.097317
610.001000 0.272885 0.822065 0.093682
611.001000 0.271056 0.820772 0.086304
612.001000 0.269800 0.823475 0.079404
613.001000 0.269932 0.831014 0.077966
614.001000 0.270678 0.838536 0.079520
615.001000 0.270835 0.843879 0.079307
616.001000 0.270268 0.847674 0.077038
617.001000 0.269704 0.848976 0.074722
618.001000 0.269783 0.848021 0.074217
619.001000 0.270415 0.847978 0.075483
620.001000 0.271029 0.849415 0.076048
621.001000 0.271294 0.850021 0.075005
622.001000 0.271283 0.850319 0.074092
623.001000 0.271080 0.852117 0.073985
624.001000 0.270504 0.853975 0.073176
625.001000 0.269266 0.853343 0.069605
626.001000 0.267605 0.851815 0.063015
627.001000 0.266600 0.854147 0.057273
628.001000 0.266948 0.860758 0.056242
629.001000 0.267868 0.867313 0.057562
630.001000 0.268235 0.872153 0.057250
631.001000 0.267874 0.875724 0.055179
632.001000 0.267399 0.876825 0.053256
633.001000 0.267403 0.875666 0.052949
634.001000 0.267875 0.875506 0.053912
635.001000 0.268353 0.876985 0.054084
636.001000 0.268507 0.877657 0.052864
637.001000 0.268329 0.877838 0.051856
638.001000 0.267873 0.879337 0.051729
639.001000 0.267020 0.880707 0.051015
640.001000 0.265627 0.879432 0.047772
641.001000 0.264069 0.877499 0.042134
642.001000 0.263339 0.879547 0.037672
643.001000 0.263865 0.885253 0.037188
644.001000 0.264774 0.890524 0.038471
645.001000 0.265029 0.894454 0.038443
646.001000 0.264490 0.897653 0.037076
647.001000 0.263754 0.898682 0.035867
648.001000 0.263450 0.897510 0.035817
649.001000 0.263721 0.897244 0.036522
650.001000 0.264255 0.898374 0.036566
651.001000 0.264708 0.898313 0.035669
652.001000 0.264912 0.897449 0.034996
653.001000 0.264754 0.897944 0.034928
654.001000 0.264060 0.898544 0.034153
655.001000 0.262762 0.896646 0.031147
656.001000 0.261364 0.894330 0.026486
657.001000 0.260860 0.896061 0.023337
658.001000 0.261568 0.900924 0.023422
659.001000 0.262640 0.905042 0.024543
660.001000 0.263128 0.908129 0.024400
661.001000 0.262855 0.910881 0.023238
662.001000 0.262278 0.911581 0.022415
663.001000 0.261936 0.910069 0.022577
664.001000 0.262013 0.909639 0.023074
665.001000 0.262335 0.910862 0.022826
666.001000 0.262627 0.910873 0.021912
667.001000 0.262668 0.909780 0.021365
668.001000 0.262282 0.909770 0.021380
669.001000 0.261329 0.909689 0.020718
670.001000 0.259887 0.907011 0.018187
671.001000 0.258598 0.904190 0.014760
672.001000 0.258337 0.905659 0.013119
673.001000 0.259157 0.909767 0.013920
674.001000 0.260164 0.912651 0.015073
675.001000 0.260524 0.914752 0.015112
676.001000 0.260095 0.917140 0.014492
677.001000 0.259301 0.917850 0.014223
678.001000 0.258673 0.916312 0.014575
679.001000 0.258505 0.915764 0.014898
680.001000 0.258785 0.916789 0.014598
681.001000 0.259293 0.916296 0.014014
682.001000 0.259687 0.914318 0.013831
683.001000 0.259612 0.913322 0.013933
684.001000 0.258831 0.912387 0.013234
685.001000 0.257488 0.908963 0.011088
686.001000 0.256359 0.905647 0.008905
687.001000 0.256305 0.906855 0.008782
688.001000 0.257270 0.910365 0.010298
689.001000 0.258420 0.912190 0.011392
690.001000 0.259028 0.913237 0.011344
691.001000 0.258916 0.914951 0.010982
692.001000 0.258360 0.915279 0.011162
693.001000 0.257765 0.913367 0.011750
694.001000 0.257415 0.912604 0.011944
695.001000 0.257430 0.913791 0.011527
696.001000 0.257718 0.913491 0.011166
697.001000 0.257940 0.911316 0.011386
698.001000 0.257674 0.909727 0.011751
699.001000 0.256680 0.908007 0.011167
700.001000 0.255235 0.903773 0.009535
701.001000 0.254234 0.899931 0.008809
702.001000 0.254397 0.900897 0.010411
703.001000 0.255409 0.903875 0.012800
704.001000 0.256435 0.904737 0.014027
705.001000 0.256894 0.904878 0.014092
706.001000 0.256648 0.906249 0.014095
707.001000 0.255931 0.906732 0.014671
708.001000 0.255108 0.904913 0.015360
709.001000 0.254521 0.904033 0.015409
710.001000 0.254428 0.905148 0.015032
711.001000 0.254836 0.904657 0.015044
712.001000 0.255354 0.901914 0.015669
713.001000 0.255396 0.899511 0.016180
714.001000 0.254602 0.896977 0.015547
715.001000 0.253281 0.891998 0.014281
716.001000 0.252456 0.887635 0.014925
717.001000 0.252816 0.888377 0.018209
718.001000 0.253940 0.891033 0.021446
719.001000 0.255082 0.891143 0.022724
720.001000 0.255789 0.890227 0.022748
721.001000 0.255899 0.890714 0.023058
722.001000 0.255494 0.890751 0.024166
723.001000 0.254792 0.888624 0.025128
724.001000 0.254079 0.887512 0.025059
725.001000 0.253710 0.888813 0.024679
726.001000 0.253846 0.888671 0.025140
727.001000 0.254162 0.885871 0.026441
728.001000 0.254038 0.882894 0.027438
729.001000 0.253096 0.879538 0.026927
730.001000 0.251741 0.873799 0.026035
731.001000 0.251090 0.868988 0.028095
732.001000 0.251660 0.869512 0.033147
733.001000 0.252777 0.871823 0.037339
734.001000 0.253733 0.871344 0.038852
735.001000 0.254257 0.869766 0.038947
736.001000 0.254247 0.869955 0.039421
737.001000 0.253736 0.870254 0.040722
738.001000 0.252881 0.868415 0.041658
739.001000 0.251979 0.867239 0.041382
740.001000 0.251486 0.868520 0.041039
741.001000 0.251666 0.868467 0.041859
742.001000 0.252197 0.865494 0.043535
743.001000 0.252348 0.862004 0.044709
744.001000 0.251623 0.857967 0.044126
745.001000 0.250436 0.851560 0.043409
746.001000 0.249997 0.846290 0.046664
747.001000 0.250774 0.846621 0.053340
748.001000 0.251989 0.848815 0.058404
749.001000 0.253027 0.847970 0.060037
750.001000 0.253782 0.845533 0.060115
751.001000 0.254148 0.844712 0.060898
752.001000 0.254010 0.844434 0.062781
753.001000 0.253363 0.842361 0.064021
754.001000 0.252414 0.840994 0.063565
755.001000 0.251675 0.842431 0.063195
756.001000 0.251562 0.842824 0.064568
757.001000 0.251857 0.839963 0.067087
758.001000 0.251844 0.835999 0.068921
759.001000 0.251026 0.831154 0.068491
760.001000 0.249889 0.824050 0.067897
761.001000 0.249689 0.818465 0.072219
762.001000 0.250696 0.818615 0.080423
763.001000 0.251879 0.820549 0.086365
764.001000 0.252677 0.819452 0.088285
765.001000 0.253201 0.816709 0.088412
766.001000 0.253445 0.815699 0.089152
767.001000 0.253249 0.815709 0.090983
768.001000 0.252527 0.814088 0.092043
769.001000 0.251458 0.812762 0.091248
770.001000 0.250614 0.814162 0.090802
771.001000 0.250508 0.814807 0.092436
772.001000 0.250945 0.812133 0.095192
773.001000 0.251148 0.808017 0.097125
774.001000 0.250539 0.802710 0.096577
775.001000 0.249609 0.795048 0.095901
776.001000 0.249667 0.789097 0.100982
777.001000 0.250917 0.789094 0.110481
778.001000 0.252213 0.791001 0.117154
779.001000 0.253074 0.789859 0.119173
780.001000 0.253793 0.786590 0.119278
781.001000 0.254409 0.784586 0.120266
782.001000 0.254631 0.783851 0.122651
783.001000 0.254198 0.781996 0.124042
784.001000 0.253167 0.780549 0.122981
785.001000 0.252128 0.782046 0.122359
786.001000 0.251738 0.783133 0.124522
787.001000 0.251926 0.780692 0.128156
788.001000 0.251958 0.776225 0.130800
789.001000 0.251292 0.770175 0.130419
790.001000 0.250487 0.761876 0.129615
791.001000 0.250854 0.755726 0.135225
792.001000 0.252373 0.755593 0.145763
793.001000 0.253654 0.757219 0.153094
794.001000 0.254251 0.756005 0.155377
795.001000 0.254683 0.752800 0.155531
796.001000 0.255150 0.750814 0.156305
797.001000 0.255347 0.750353 0.158366
798.001000 0.254915 0.749009 0.159418
799.001000 0.253842 0.747713 0.157892
800.001000 0.252737 0.749129 0.157006
801.001000 0.252343 0.750487 0.159290
802.001000 0.252628 0.748479 0.162982
803.001000 0.252819 0.744195 0.165535
804.001000 0.252334 0.737953 0.164928
805.001000 0.251755 0.729246 0.163799
806.001000 0.252421 0.722816 0.169627
807.001000 0.254223 0.722576 0.180924
808.001000 0.255667 0.724179 0.188707
809.001000 0.256343 0.723072 0.190980
810.001000 0.256934 0.719682 0.191075
811.001000 0.257739 0.716882 0.192013
812.001000 0.258375 0.715558 0.194500
813.001000 0.258304 0.713888 0.195855
814.001000 0.257358 0.712523 0.194007
815.001000 0.256121 0.713980 0.192725
816.001000 0.255469 0.715685 0.195409
817.001000 0.255510 0.713940 0.199933
818.001000 0.255536 0.709401 0.203128
819.001000 0.255019 0.702502 0.202636
820.001000 0.254624 0.693231 0.201178
821.001000 0.255654 0.686684 0.206973
822.001000 0.257758 0.686373 0.218656
823.001000 0.259234 0.687644 0.226771
824.001000 0.259676 0.686444 0.229241
825.001000 0.259945 0.683358 0.229396
826.001000 0.260550 0.680853 0.230035
827.001000 0.261163 0.679833 0.231943
828.001000 0.261159 0.678640 0.232775
829.001000 0.260257 0.677492 0.230382
830.001000 0.259009 0.678827 0.228632
831.001000 0.258357 0.680712 0.231258
832.001000 0.258468 0.679501 0.235707
833.001000 0.258612 0.675397 0.238592
834.001000 0.258247 0.668571 0.237689
835.001000 0.258083 0.659074 0.235693
836.001000 0.259437 0.652334 0.241224
837.001000 0.261852 0.651962 0.253042
838.001000 0.263550 0.653214 0.261223
839.001000 0.264133 0.652120 0.263512
840.001000 0.264555 0.649053 0.263528
841.001000 0.265444 0.646006 0.264277
842.001000 0.266481 0.644138 0.266451
843.001000 0.266890 0.642498 0.267455
844.001000 0.266208 0.641286 0.264694
845.001000 0.264905 0.642630 0.262330
846.001000 0.264028 0.644724 0.265124
847.001000 0.263911 0.643719 0.270316
848.001000 0.263908 0.639408 0.273722
849.001000 0.263540 0.632010 0.272806
850.001000 0.263608 0.622037 0.270319
851.001000 0.265363 0.615246 0.275384
852.001000 0.268092 0.614855 0.286930
853.001000 0.269862 0.615775 0.295023
854.001000 0.270285 0.614487 0.297415
855.001000 0.270406 0.611757 0.297501
856.001000 0.271048 0.609234 0.297961
857.001000 0.272029 0.607783 0.299424
858.001000 0.272542 0.606568 0.299728
859.001000 0.271991 0.605587 0.296376
860.001000 0.270749 0.606791 0.293392
861.001000 0.269890 0.608932 0.295917
862.001000 0.269823 0.608435 0.300954
863.001000 0.269909 0.604717 0.303915
864.001000 0.269671 0.597627 0.302395
865.001000 0.269971 0.587624 0.299177
866.001000 0.272065 0.580737 0.303662
867.001000 0.275115 0.580334 0.314845
868.001000 0.277146 0.581278 0.322574
869.001000 0.277796 0.580081 0.324574
870.001000 0.278118 0.577428 0.324409
871.001000 0.279009 0.574595 0.324950
872.001000 0.280362 0.572440 0.326612
873.001000 0.281302 0.570723 0.326944
874.001000 0.281053 0.569654 0.323174
875.001000 0.279849 0.570875 0.319418
876.001000 0.278817 0.573111 0.321835
877.001000 0.278543 0.572713 0.327491
878.001000 0.278503 0.568801 0.330872
879.001000 0.278294 0.561236 0.329209
880.001000 0.278867 0.550865 0.325372
881.001000 0.281391 0.543995 0.329157
882.001000 0.284745 0.543624 0.339633
883.001000 0.286856 0.544296 0.346867
884.001000 0.287422 0.542868 0.348849
885.001000 0.287526 0.540482 0.348766
886.001000 0.288171 0.538278 0.349078
887.001000 0.289421 0.536682 0.350080
888.001000 0.290460 0.535389 0.349673
889.001000 0.290410 0.534537 0.345341
890.001000 0.289350 0.535635 0.340922
891.001000 0.288373 0.537822 0.342873
892.001000 0.288141 0.537835 0.348334
893.001000 0.288166 0.534582 0.351274
894.001000 0.288065 0.527542 0.348928
895.001000 0.288867 0.517362 0.344225
896.001000 0.291744 0.510513 0.347271
897.001000 0.295423 0.510186 0.357188
898.001000 0.297805 0.510948 0.363785
899.001000 0.298664 0.509654 0.365173
900.001000 0.299057 0.507373 0.364722
901.001000 0.299970 0.505018 0.365071
902.001000 0.301542 0.502918 0.366318
903.001000 0.302978 0.501171 0.365938
904.001000 0.303278 0.500225 0.361205
905.001000 0.302352 0.501380 0.355969
906.001000 0.301272 0.503631 0.357563
907.001000 0.300865 0.503649 0.363509
908.001000 0.300788 0.500185 0.366831
909.001000 0.300744 0.492790 0.364292
910.001000 0.301849 0.482403 0.358920
911.001000 0.305176 0.475664 0.361181
912.001000 0.309143 0.475427 0.370276
913.001000 0.311577 0.476002 0.376191
914.001000 0.312392 0.474526 0.377464
915.001000 0.312670 0.472473 0.377127
916.001000 0.313404 0.470772 0.377303
917.001000 0.314858 0.469348 0.378026
918.001000 0.316362 0.468069 0.377064
919.001000 0.316887 0.467338 0.371953
920.001000 0.316181 0.468399 0.366171
921.001000 0.315212 0.470578 0.367167
922.001000 0.314852 0.470922 0.372883
923.001000 0.314821 0.468104 0.375889
924.001000 0.314862 0.461397 0.372758
925.001000 0.316182 0.451455 0.366521
926.001000 0.319870 0.444892 0.367975
927.001000 0.324170 0.444768 0.376561
928.001000 0.326866 0.445503 0.381870
929.001000 0.327999 0.444231 0.382482
930.001000 0.328649 0.442335 0.381701
931.001000 0.329720 0.440607 0.381847
932.001000 0.331486 0.438882 0.382853
933.001000 0.333340 0.437270 0.382039
934.001000 0.334218 0.436478 0.376682
935.001000 0.333717 0.437645 0.370193
936.001000 0.332725 0.439923 0.370666
937.001000 0.332235 0.440250 0.376714
938.001000 0.332130 0.437195 0.380114
939.001000 0.332250 0.430224 0.376841
940.001000 0.333884 0.420274 0.370001
941.001000 0.338027 0.413956 0.370676
942.001000 0.342601 0.413995 0.378507
943.001000 0.345303 0.414637 0.383207
944.001000 0.346374 0.413264 0.383728
945.001000 0.346984 0.411598 0.383131
946.001000 0.347982 0.410522 0.383161
947.001000 0.349670 0.409552 0.383731
948.001000 0.351571 0.408468 0.382530
949.001000 0.352665 0.407898 0.377087
950.001000 0.352429 0.408990 0.370340
951.001000 0.351604 0.411199 0.370184
952.001000 0.351179 0.411813 0.375916
953.001000 0.351111 0.409362 0.379146
954.001000 0.351292 0.403145 0.375490
955.001000 0.353107 0.393857 0.367943
956.001000 0.357600 0.387896 0.367804
957.001000 0.362527 0.388132 0.375223
958.001000 0.365484 0.388995 0.379539
959.001000 0.366852 0.387885 0.379516
960.001000 0.367874 0.386422 0.378489
961.001000 0.369291 0.385403 0.378430
962.001000 0.371327 0.384305 0.379244
963.001000 0.373549 0.383037 0.378268
964.001000 0.374966 0.382460 0.372762
965.001000 0.374968 0.383697 0.365538
966.001000 0.374187 0.386036 0.364804
967.001000 0.373682 0.386651 0.370661
968.001000 0.373573 0.383967 0.374273
969.001000 0.373853 0.377527 0.370564
970.001000 0.375970 0.368384 0.362562
971.001000 0.380892 0.362809 0.361706
972.001000 0.386078 0.363285 0.368458
973.001000 0.388999 0.364138 0.372329
974.001000 0.390243 0.363005 0.372327
975.001000 0.391230 0.361783 0.371592
976.001000 0.392666 0.361378 0.371493
977.001000 0.394710 0.361053 0.371886
978.001000 0.396990 0.360356 0.370595
979.001000 0.398604 0.359998 0.365211
980.001000 0.398883 0.361149 0.358062
981.001000 0.398307 0.363391 0.356784
982.001000 0.397890 0.364252 0.362159
983.001000 0.397815 0.362129 0.365640
984.001000 0.398137 0.356433 0.361749
985.001000 0.400386 0.348058 0.353271
986.001000 0.405612 0.342981 0.351648
987.001000 0.411165 0.343724 0.358010
988.001000 0.414354 0.344840 0.361704
989.001000 0.415856 0.343997 0.361340
990.001000 0.417231 0.342994 0.360252
991.001000 0.419134 0.342670 0.360043
992.001000 0.421586 0.342314 0.360588
993.001000 0.424189 0.341553 0.359477
994.001000 0.426091 0.341239 0.354096
995.001000 0.426603 0.342539 0.346670
996.001000 0.426113 0.344901 0.344857
997.001000 0.425658 0.345751 0.350104
998.001000 0.425574 0.343402 0.353849
999.001000 0.426015 0.337495 0.349963
1000.001000 0.428540 0.329327 0.341186
1001.001000 0.434130 0.324719 0.338937
1002.001000 0.439908 0.325755 0.344675
1003.001000 0.443036 0.326923 0.348052
1004.001000 0.444338 0.326110 0.347803
1005.001000 0.445612 0.325351 0.347092
1006.001000 0.447562 0.325573 0.346935
1007.001000 0.450108 0.325928 0.347067
1008.001000 0.452820 0.325723 0.345598
1009.001000 0.454909 0.325591 0.340370
1010.001000 0.455688 0.326748 0.333234
1011.001000 0.455421 0.328939 0.331038
1012.001000 0.455069 0.329939 0.335623
1013.001000 0.455019 0.328076 0.339113
1014.001000 0.455489 0.322859 0.335158
1015.001000 0.458094 0.315461 0.326127
1016.001000 0.463907 0.311394 0.323202
1017.001000 0.470032 0.312722 0.328506
1018.001000 0.473457 0.314159 0.331807
1019.001000 0.474993 0.313626 0.331339
1020.001000 0.476587 0.313068 0.330356
1021.001000 0.478983 0.313354 0.330097
1022.001000 0.481979 0.313691 0.330309
1023.001000 0.485042 0.313476 0.328923
1024.001000 0.487399 0.313399 0.323654
1025.001000 0.488385 0.314661 0.316328
1026.001000 0.488217 0.316909 0.313687
1027.001000 0.487857 0.317833 0.317943
1028.001000 0.487823 0.315711 0.321482
1029.001000 0.488430 0.310270 0.317541
1030.001000 0.491280 0.303070 0.308357
1031.001000 0.497363 0.299467 0.304921
1032.001000 0.503643 0.301093 0.309624
1033.001000 0.506982 0.302613 0.312690
1034.001000 0.508263 0.302135 0.312387
1035.001000 0.509654 0.301808 0.311815
1036.001000 0.512040 0.302567 0.311697
1037.001000 0.515167 0.303508 0.311559
1038.001000 0.518401 0.303768 0.309790
1039.001000 0.520962 0.303794 0.304616
1040.001000 0.522200 0.304801 0.297654
1041.001000 0.522254 0.306747 0.294805
1042.001000 0.522002 0.307676 0.298323
1043.001000 0.521999 0.305913 0.301416
1044.001000 0.522627 0.301066 0.297426
1045.001000 0.525508 0.294567 0.288194
1046.001000 0.531715 0.291459 0.284223
1047.001000 0.538282 0.293334 0.288437
1048.001000 0.541935 0.295091 0.291452
1049.001000 0.543453 0.294842 0.291019
1050.001000 0.545093 0.294662 0.290231
1051.001000 0.547842 0.295448 0.290030
1052.001000 0.551401 0.296344 0.289949
1053.001000 0.555010 0.296589 0.288226
1054.001000 0.557839 0.296639 0.282982
1055.001000 0.559261 0.297651 0.275859
1056.001000 0.559405 0.299528 0.272663
1057.001000 0.559158 0.300270 0.275774
1058.001000 0.559184 0.298174 0.278726
1059.001000 0.559962 0.293056 0.274738
1060.001000 0.563059 0.286698 0.265518
1061.001000 0.569429 0.283977 0.261196
1062.001000 0.576048 0.286098 0.264839
1063.001000 0.579578 0.287945 0.267675
1064.001000 0.580802 0.287754 0.267441
1065.001000 0.582145 0.287766 0.267056
1066.001000 0.584772 0.288955 0.267059
1067.001000 0.588418 0.290350 0.266733
1068.001000 0.592226 0.290966 0.264689
1069.001000 0.595292 0.291021 0.259541
1070.001000 0.596963 0.291630 0.252810
1071.001000 0.597321 0.293016 0.249560
1072.001000 0.597178 0.293571 0.251996
1073.001000 0.597225 0.291669 0.254395
1074.001000 0.598010 0.287011 0.250350
1075.001000 0.601099 0.281241 0.241275
1076.001000 0.607492 0.278905 0.236624
1077.001000 0.614308 0.281171 0.239753
1078.001000 0.618146 0.283189 0.242514
1079.001000 0.619620 0.283151 0.242207
1080.001000 0.621161 0.283211 0.241632
1081.001000 0.624046 0.284360 0.241567
1082.001000 0.628038 0.285676 0.241301
1083.001000 0.632199 0.286252 0.239329
1084.001000 0.635537 0.286292 0.234173
1085.001000 0.637381 0.286786 0.227358
1086.001000 0.637816 0.287917 0.223864
1087.001000 0.637679 0.288122 0.225928
1088.001000 0.637757 0.285790 0.228117
1089.001000 0.638690 0.280795 0.224105
1090.001000 0.641963 0.275081 0.215232
1091.001000 0.648415 0.273011 0.210450
1092.001000 0.655166 0.275422 0.213063
1093.001000 0.658830 0.277518 0.215661
1094.001000 0.659982 0.277544 0.215574
1095.001000 0.661153 0.277736 0.215361
1096.001000 0.663792 0.279197 0.215522
1097.001000 0.667763 0.280922 0.215118
1098.001000 0.672085 0.281784 0.212938
1099.001000 0.675671 0.281759 0.207959
1100.001000 0.677775 0.281737 0.201609
1101.001000 0.678419 0.282165 0.198205
1102.001000 0.678379 0.281942 0.199745
1103.001000 0.678464 0.279614 0.201423
1104.001000 0.679383 0.274934 0.197408
1105.001000 0.682609 0.269677 0.188870
1106.001000 0.688988 0.267857 0.184011
1107.001000 0.695833 0.270266 0.186151
1108.001000 0.699780 0.272430 0.188615
1109.001000 0.701196 0.272533 0.188480
1110.001000 0.702536 0.272658 0.188087
1111.001000 0.705335 0.273971 0.188173
1112.001000 0.709529 0.275567 0.187841
1113.001000 0.714121 0.276370 0.185779
1114.001000 0.717950 0.276317 0.180913
1115.001000 0.720221 0.276114 0.174634
1116.001000 0.720936 0.276110 0.171127
1117.001000 0.720899 0.275332 0.172385
1118.001000 0.721010 0.272455 0.173909
1119.001000 0.722063 0.267381 0.170049
1120.001000 0.725433 0.262096 0.161930
1121.001000 0.731774 0.260417 0.157193
1122.001000 0.738435 0.262849 0.158922
1123.001000 0.742151 0.265055 0.161205
1124.001000 0.743234 0.265243 0.161274
1125.001000 0.744156 0.265465 0.161179
1126.001000 0.746602 0.266981 0.161461
1127.001000 0.750641 0.268886 0.161077
1128.001000 0.755295 0.269916 0.158931
1129.001000 0.759332 0.269783 0.154350
1130.001000 0.761862 0.269052 0.148647
1131.001000 0.762787 0.268222 0.145385
1132.001000 0.762844 0.266780 0.146288
1133.001000 0.762949 0.263697 0.147441
1134.001000 0.763960 0.258803 0.143734
1135.001000 0.767238 0.253861 0.136154
1136.001000 0.773421 0.252313 0.131602
1137.001000 0.780065 0.254605 0.132972
1138.001000 0.784021 0.256753 0.135067
1139.001000 0.785389 0.256942 0.135088
1140.001000 0.786475 0.257008 0.134820
1141.001000 0.789001 0.258261 0.135000
1142.001000 0.793136 0.259960 0.134691
1143.001000 0.797936 0.260912 0.132724
1144.001000 0.802141 0.260769 0.128390
1145.001000 0.804810 0.259884 0.122947
1146.001000 0.805804 0.258567 0.119760
1147.001000 0.805864 0.256415 0.120491
1148.001000 0.805990 0.252657 0.121584
1149.001000 0.807110 0.247335 0.118222
1150.001000 0.810482 0.242317 0.111300
1151.001000 0.816541 0.240812 0.107119
1152.001000 0.822891 0.243029 0.108236
1153.001000 0.826557 0.245173 0.110138
1154.001000 0.827596 0.245479 0.110317
1155.001000 0.828254 0.245652 0.110272
1156.001000 0.830353 0.247032 0.110579
1157.001000 0.834206 0.248935 0.110260
1158.001000 0.838938 0.250062 0.108321
1159.001000 0.843261 0.249867 0.104374
1160.001000 0.846152 0.248551 0.099607
1161.001000 0.847353 0.246460 0.096814
1162.001000 0.847508 0.243538 0.097351
1163.001000 0.847618 0.239398 0.098211
1164.001000 0.848669 0.234140 0.095183
1165.001000 0.851898 0.229390 0.089017
1166.001000 0.857720 0.227944 0.085259
1167.001000 0.863946 0.229931 0.086184
1168.001000 0.867782 0.231910 0.087889
1169.001000 0.869121 0.232149 0.088015
1170.001000 0.869966 0.232116 0.087825
1171.001000 0.872103 0.233155 0.088007
1172.001000 0.875940 0.234777 0.087745
1173.001000 0.880683 0.235797 0.086031
1174.001000 0.885061 0.235623 0.082452
1175.001000 0.888031 0.234251 0.078119
1176.001000 0.889288 0.231784 0.075584
1177.001000 0.889449 0.228171 0.076072
1178.001000 0.889573 0.223315 0.076930
1179.001000 0.890704 0.217624 0.074386
1180.001000 0.893970 0.212796 0.069085
1181.001000 0.899593 0.211345 0.065906
1182.001000 0.905437 0.213202 0.066759
1183.001000 0.908917 0.215148 0.068302
1184.001000 0.909934 0.215533 0.068533
1185.001000 0.910383 0.215654 0.068502
1186.001000 0.912066 0.216801 0.068741
1187.001000 0.915526 0.218551 0.068462
1188.001000 0.920071 0.219694 0.066842
1189.001000 0.924449 0.219511 0.063709
1190.001000 0.927563 0.217868 0.060100
1191.001000 0.929002 0.214842 0.058063
1192.001000 0.929258 0.210573 0.058498
1193.001000 0.929361 0.205300 0.059210
1194.001000 0.930395 0.199610 0.057082
1195.001000 0.933467 0.195014 0.052666
1196.001000 0.938785 0.193600 0.050083
1197.001000 0.944412 0.195197 0.050913
1198.001000 0.947973 0.196915 0.052304
1199.001000 0.949270 0.197180 0.052489
1200.001000 0.949940 0.197079 0.052360
1201.001000 0.951659 0.197863 0.052483
1202.001000 0.955027 0.199286 0.052230
1203.001000 0.959460 0.200292 0.050831
1204.001000 0.963767 0.200152 0.048118
1205.001000 0.966869 0.198571 0.045042
1206.001000 0.968329 0.195389 0.043391
1207.001000 0.968591 0.190652 0.043885
1208.001000 0.968700 0.184802 0.044618
1209.001000 0.969777 0.178755 0.042968
1210.001000 0.972822 0.174121 0.039458
1211.001000 0.977878 0.172700 0.037549
1212.001000 0.983065 0.174153 0.038451
1213.001000 0.986216 0.175821 0.039742
1214.001000 0.987182 0.176248 0.039997
1215.001000 0.987501 0.176349 0.039976
1216.001000 0.988792 0.177261 0.040106
1217.001000 0.991733 0.178776 0.039807
1218.001000 0.995861 0.179864 0.038495
1219.001000 1.000045 0.179744 0.036197
1220.001000 1.003189 0.178056 0.033788
1221.001000 1.004776 0.174605 0.032634
1222.001000 1.005127 0.169510 0.033158
1223.001000 1.005212 0.163413 0.033785
1224.001000 1.006167 0.157412 0.032490
1225.001000 1.008965 0.153013 0.029791
1226.001000 1.013655 0.151643 0.028490
1227.001000 1.018556 0.152853 0.029470
1228.001000 1.021699 0.154271 0.030669
1229.001000 1.022885 0.154545 0.030892
1230.001000 1.023433 0.154427 0.030818
1231.001000 1.024783 0.154985 0.030869
1232.001000 1.027596 0.156165 0.030571
1233.001000 1.031514 0.157095 0.029424
1234.001000 1.035509 0.157020 0.027489
1235.001000 1.038537 0.155484 0.025569
1236.001000 1.040086 0.152115 0.024802
1237.001000 1.040433 0.146897 0.025424
1238.001000 1.040519 0.140542 0.026064
1239.001000 1.041474 0.134387 0.025125
1240.001000 1.044174 0.130037 0.023151
1241.001000 1.048540 0.128692 0.022420
1242.001000 1.052972 0.129772 0.023504
1243.001000 1.055682 0.131133 0.024650
1244.001000 1.056524 0.131559 0.024922
1245.001000 1.056750 0.131660 0.024914
1246.001000 1.057724 0.132361 0.024947
1247.001000 1.060109 0.133613 0.024587
1248.001000 1.063650 0.134593 0.023481
1249.001000 1.067411 0.134546 0.021841
1250.001000 1.070373 0.133017 0.020409
1251.001000 1.071975 0.129652 0.020003
1252.001000 1.072388 0.124446 0.020635
1253.001000 1.072453 0.118169 0.021162
1254.001000 1.073266 0.112236 0.020441
1255.001000 1.075671 0.108178 0.019027
1256.001000 1.079614 0.106920 0.018714
1257.001000 1.083702 0.107802 0.019843
1258.001000 1.086336 0.108919 0.020916
1259.001000 1.087323 0.109181 0.021167
1260.001000 1.087741 0.109075 0.021135
1261.001000 1.088783 0.109452 0.021129
1262.001000 1.091038 0.110378 0.020776
1263.001000 1.094304 0.111186 0.019777
1264.001000 1.097773 0.111168 0.018379
1265.001000 1.100518 0.109828 0.017278
1266.001000 1.102013 0.106726 0.017121
1267.001000 1.102402 0.101750 0.017786
1268.001000 1.102464 0.095629 0.018280
1269.001000 1.103239 0.089854 0.017763
1270.001000 1.105472 0.085988 0.016788
1271.001000 1.109027 0.084807 0.016776
1272.001000 1.112622 0.085593 0.017903
1273.001000 1.114833 0.086653 0.018915
1274.001000 1.115491 0.087037 0.019195
1275.001000 1.115608 0.087132 0.019201
1276.001000 1.116318 0.087642 0.019178
1277.001000 1.118179 0.088611 0.018785
1278.001000 1.121036 0.089430 0.017808
1279.001000 1.124181 0.089426 0.016581
1280.001000 1.126756 0.088150 0.015751
1281.001000 1.128222 0.085237 0.015751
1282.001000 1.128644 0.080600 0.016324
1283.001000 1.128691 0.074926 0.016661
1284.001000 1.129320 0.069638 0.016228
1285.001000 1.131226 0.066176 0.015543
1286.001000 1.134307 0.065132 0.015675
1287.001000 1.137497 0.065773 0.016698
1288.001000 1.139572 0.066622 0.017592
1289.001000 1.140316 0.066850 0.017844
1290.001000 1.140567 0.066764 0.017839
1291.001000 1.141322 0.066996 0.017811
1292.001000 1.143051 0.067664 0.017460
1293.001000 1.145603 0.068299 0.016580
1294.001000 1.148377 0.068298 0.015501
1295.001000 1.150644 0.067205 0.014839
1296.001000 1.151935 0.064651 0.014918
1297.001000 1.152306 0.060509 0.015414
1298.001000 1.152349 0.055378 0.015650
1299.001000 1.152916 0.050595 0.015300
1300.001000 1.154590 0.047511 0.014822
1301.001000 1.157223 0.046615 0.014999
1302.001000 1.159887 0.047202 0.015857
1303.001000 1.161552 0.048000 0.016623
1304.001000 1.162016 0.048315 0.016876
1305.001000 1.162013 0.048387 0.016893
1306.001000 1.162473 0.048719 0.016862
1307.001000 1.163848 0.049388 0.016530
1308.001000 1.165993 0.049984 0.015715
1309.001000 1.168382 0.049969 0.014749
1310.001000 1.170386 0.048957 0.014207
1311.001000 1.171569 0.046684 0.014295
1312.001000 1.171935 0.043091 0.014628
1313.001000 1.171968 0.038702 0.014671
1314.001000 1.172402 0.034667 0.014312
1315.001000 1.173747 0.032125 0.013954
1316.001000 1.175880 0.031427 0.014096
1317.001000 1.178078 0.031924 0.014720
1318.001000 1.179530 0.032550 0.015290
1319.001000 1.180027 0.032734 0.015487
1320.001000 1.180117 0.032669 0.015495
1321.001000 1.180578 0.032788 0.015475
1322.001000 1.181802 0.033200 0.015223
1323.001000 1.183630 0.033608 0.014542
1324.001000 1.185600 0.033567 0.013702
1325.001000 1.187222 0.032718 0.013235
1326.001000 1.188169 0.030834 0.013306
1327.001000 1.188455 0.027880 0.013517
1328.001000 1.188482 0.024298 0.013434
1329.001000 1.188847 0.021049 0.013082
1330.001000 1.189927 0.019068 0.012812
1331.001000 1.191578 0.018602 0.012895
1332.001000 1.193213 0.019085 0.013280
1333.001000 1.194240 0.019668 0.013657
1334.001000 1.194509 0.019905 0.013816
1335.001000 1.194434 0.019948 0.013836
1336.001000 1.194664 0.020121 0.013823
1337.001000 1.195567 0.020489 0.013639
1338.001000 1.197007 0.020801 0.013098
1339.001000 1.198564 0.020705 0.012390
1340.001000 1.199846 0.019937 0.011980
1341.001000 1.200611 0.018374 0.012014
1342.001000 1.200852 0.016062 0.012097
1343.001000 1.200873 0.013375 0.011868
1344.001000 1.201132 0.011036 0.011475
1345.001000 1.201911 0.009708 0.011248
1346.001000 1.203079 0.009503 0.011273
1347.001000 1.204212 0.009941 0.011435
1348.001000 1.204930 0.010385 0.011590
1349.001000 1.205152 0.010525 0.011660
1350.001000 1.205142 0.010486 0.011668
1351.001000 1.205347 0.010524 0.011663
1352.001000 1.206062 0.010699 0.011560
1353.001000 1.207167 0.010837 0.011186
1354.001000 1.208286 0.010686 0.010630
1355.001000 1.209138 0.010056 0.010275
1356.001000 1.209616 0.008886 0.010274
1357.001000 1.209753 0.007260 0.010280
1358.001000 1.209767 0.005492 0.009985
1359.001000 1.209958 0.004084 0.009586
1360.001000 1.210467 0.003438 0.009398
1361.001000 1.211151 0.003542 0.009391
1362.001000 1.211712 0.004008 0.009391
1363.001000 1.211973 0.004403 0.009373
1364.001000 1.211973 0.004557 0.009376
1365.001000 1.211893 0.004576 0.009384
1366.001000 1.211983 0.004624 0.009384
1367.001000 1.212433 0.004709 0.009344
1368.001000 1.213164 0.004698 0.009141
1369.001000 1.213863 0.004446 0.008763
1370.001000 1.214328 0.003886 0.008474
1371.001000 1.214558 0.003055 0.008444
1372.001000 1.214613 0.002092 0.008410
1373.001000 1.214619 0.001235 0.008091
1374.001000 1.214737 0.000762 0.007684
1375.001000 1.214994 0.000800 0.007512
1376.001000 1.215247 0.001204 0.007501
1377.001000 1.215320 0.001663 0.007411
1378.001000 1.215198 0.001942 0.007253
1379.001000 1.215033 0.002018 0.007164
1380.001000 1.214956 0.002012 0.007151
1381.001000 1.215020 0.002011 0.007151
1382.001000 1.215262 0.001976 0.007151
1383.001000 1.215623 0.001815 0.007084
1384.001000 1.215874 0.001486 0.006876
1385.001000 1.215895 0.001034 0.006666
1386.001000 1.215808 0.000583 0.006622
1387.001000 1.215740 0.000301 0.006576
1388.001000 1.215735 0.000352 0.006284
1389.001000 1.215793 0.000808 0.005908
1390.001000 1.215798 0.001553 0.005758
1391.001000 1.215590 0.002312 0.005768
1392.001000 1.215116 0.002834 0.005664
1393.001000 1.214529 0.003052 0.005442
1394.001000 1.214112 0.003085 0.005297
1395.001000 1.214007 0.003081 0.005271
1396.001000 1.214087 0.003053 0.005271
1397.001000 1.214175 0.002891 0.005288
1398.001000 1.214188 0.002531 0.005334
1399.001000 1.214014 0.002053 0.005307
1400.001000 1.213627 0.001646 0.005203
1401.001000 1.213246 0.001533 0.005161
1402.001000 1.213061 0.001893 0.005131
1403.001000 1.213046 0.002786 0.004913
1404.001000 1.213062 0.004083 0.004593
1405.001000 1.212879 0.005449 0.004461
1406.001000 1.212312 0.006503 0.004505
1407.001000 1.211398 0.007046 0.004448
1408.001000 1.210405 0.007165 0.004222
1409.001000 1.209713 0.007127 0.004030
1410.001000 1.209500 0.007132 0.003979
1411.001000 1.209529 0.007133 0.003975
1412.001000 1.209422 0.006928 0.003984
1413.001000 1.209037 0.006445 0.004073
1414.001000 1.208394 0.005872 0.004176
1415.001000 1.207576 0.005538 0.004187
1416.001000 1.206878 0.005766 0.004173
1417.001000 1.206558 0.006753 0.004163
1418.001000 1.206529 0.008462 0.004017
1419.001000 1.206495 0.010582 0.003762
1420.001000 1.206095 0.012589 0.003653
1421.001000 1.205113 0.013999 0.003744
1422.001000 1.203692 0.014632 0.003777
1423.001000 1.202258 0.014680 0.003608
1424.001000 1.201301 0.014534 0.003404
1425.001000 1.201047 0.014464 0.003333
1426.001000 1.201174 0.014397 0.003326
1427.001000 1.201058 0.014043 0.003310
1428.001000 1.200396 0.013317 0.003401
1429.001000 1.199321 0.012545 0.003619
1430.001000 1.198091 0.012223 0.003778
1431.001000 1.197083 0.012761 0.003822
1432.001000 1.196617 0.014326 0.003835
1433.001000 1.196573 0.016751 0.003771
1434.001000 1.196522 0.019545 0.003605
1435.001000 1.196003 0.022038 0.003533
1436.001000 1.194752 0.023689 0.003673
1437.001000 1.192953 0.024355 0.003815
1438.001000 1.191130 0.024326 0.003738
1439.001000 1.189841 0.024114 0.003542
1440.001000 1.189360 0.024067 0.003449
1441.001000 1.189355 0.024084 0.003442
1442.001000 1.189053 0.023756 0.003397
1443.001000 1.188002 0.022933 0.003435
1444.001000 1.186430 0.022046 0.003705
1445.001000 1.184786 0.021760 0.004014
1446.001000 1.183498 0.022571 0.004158
1447.001000 1.182901 0.024648 0.004200
1448.001000 1.182840 0.027731 0.004184
1449.001000 1.182748 0.031182 0.004080
1450.001000 1.182054 0.034196 0.004042
1451.001000 1.180457 0.036162 0.004238
1452.001000 1.178204 0.036933 0.004504
1453.001000 1.175974 0.036834 0.004542
1454.001000 1.174437 0.036458 0.004369
1455.001000 1.173905 0.036253 0.004251
1456.001000 1.174019 0.036148 0.004241
1457.001000 1.173821 0.035655 0.004162
1458.001000 1.172609 0.034559 0.004114
1459.001000 1.170624 0.033421 0.004413
1460.001000 1.168563 0.033110 0.004923
1461.001000 1.166977 0.034181 0.005227
1462.001000 1.166225 0.036722 0.005293
1463.001000 1.166141 0.040338 0.005297
1464.001000 1.166053 0.044255 0.005272
1465.001000 1.165300 0.047585 0.005310
1466.001000 1.163536 0.049703 0.005578
1467.001000 1.160988 0.050499 0.005957
1468.001000 1.158397 0.050352 0.006106
1469.001000 1.156514 0.049928 0.005961
1470.001000 1.155682 0.049755 0.005824
1471.001000 1.155562 0.049763 0.005823
1472.001000 1.155142 0.049347 0.005729
1473.001000 1.153565 0.048179 0.005584
1474.001000 1.151082 0.046905 0.005882
1475.001000 1.148616 0.046596 0.006613
1476.001000 1.146808 0.047859 0.007148
1477.001000 1.145953 0.050737 0.007273
1478.001000 1.145852 0.054780 0.007270
1479.001000 1.145734 0.059143 0.007285
1480.001000 1.144843 0.062856 0.007386
1481.001000 1.142816 0.065231 0.007734
1482.001000 1.139897 0.066131 0.008238
1483.001000 1.136934 0.065925 0.008503
1484.001000 1.134823 0.065309 0.008380
1485.001000 1.133957 0.064911 0.008204
1486.001000 1.133964 0.064741 0.008201
1487.001000 1.133705 0.064145 0.008092
1488.001000 1.132080 0.062688 0.007836
1489.001000 1.129244 0.061115 0.008128
1490.001000 1.126364 0.060749 0.009166
1491.001000 1.124283 0.062224 0.010050
1492.001000 1.123284 0.065417 0.010251
1493.001000 1.123156 0.069753 0.010195
1494.001000 1.123067 0.074331 0.010275
1495.001000 1.122166 0.078172 0.010534
1496.001000 1.120062 0.080597 0.011024
1497.001000 1.116953 0.081498 0.011642
1498.001000 1.113678 0.081273 0.011992
1499.001000 1.111218 0.080643 0.011886
1500.001000 1.110023 0.080290 0.011691
1501.001000 1.109731 0.080252 0.011714
1502.001000 1.109188 0.079771 0.011624
1503.001000 1.107200 0.078265 0.011277
1504.001000 1.103887 0.076539 0.011577
1505.001000 1.100621 0.076150 0.012982
1506.001000 1.098376 0.077749 0.014323
1507.001000 1.097324 0.081078 0.014681
1508.001000 1.097184 0.085550 0.014580
1509.001000 1.097081 0.090313 0.014695
1510.001000 1.096081 0.094384 0.015092
1511.001000 1.093788 0.097008 0.015727
1512.001000 1.090414 0.098006 0.016482
1513.001000 1.086831 0.097739 0.016935
1514.001000 1.084152 0.096918 0.016833
1515.001000 1.082938 0.096305 0.016574
1516.001000 1.082797 0.096052 0.016591
1517.001000 1.082454 0.095386 0.016522
1518.001000 1.080498 0.093594 0.016080
1519.001000 1.076910 0.091537 0.016388
1520.001000 1.073256 0.091064 0.018273
1521.001000 1.070767 0.092848 0.020258
1522.001000 1.069598 0.096358 0.020845
1523.001000 1.069432 0.100858 0.020648
1524.001000 1.069381 0.105540 0.020833
1525.001000 1.068423 0.109522 0.021543
1526.001000 1.066122 0.112086 0.022475
1527.001000 1.062664 0.113053 0.023386
1528.001000 1.058852 0.112792 0.023902
1529.001000 1.055832 0.112002 0.023809
1530.001000 1.054270 0.111458 0.023542
1531.001000 1.053808 0.111345 0.023617
1532.001000 1.053145 0.110821 0.023614
1533.001000 1.050813 0.109011 0.023102
1534.001000 1.046767 0.106801 0.023442
1535.001000 1.042756 0.106292 0.025878
1536.001000 1.040161 0.108160 0.028633
1537.001000 1.038996 0.111639 0.029570
1538.001000 1.038827 0.115977 0.029325
1539.001000 1.038777 0.120543 0.029547
1540.001000 1.037767 0.124569 0.030513
1541.001000 1.035342 0.127269 0.031719
1542.001000 1.031723 0.128323 0.032819
1543.001000 1.027705 0.128032 0.033446
1544.001000 1.024495 0.127077 0.033353
1545.001000 1.022903 0.126280 0.032999
1546.001000 1.022611 0.125943 0.033054
1547.001000 1.022191 0.125246 0.033108
1548.001000 1.019958 0.123178 0.032524
1549.001000 1.015710 0.120634 0.032863
1550.001000 1.011353 0.120029 0.035926
1551.001000 1.008546 0.122088 0.039667
1552.001000 1.007300 0.125675 0.041085
1553.001000 1.007111 0.129823 0.040745
1554.001000 1.007131 0.134003 0.041021
1555.001000 1.006218 0.137682 0.042481
1556.001000 1.003845 0.140190 0.044228
1557.001000 1.000225 0.141175 0.045598
1558.001000 0.996082 0.140900 0.046294
1559.001000 0.992577 0.140020 0.046226
1560.001000 0.990617 0.139325 0.045913
1561.001000 0.989986 0.139133 0.046075
1562.001000 0.989248 0.138590 0.046253
1563.001000 0.986648 0.136541 0.045611
1564.001000 0.981966 0.133871 0.045940
1565.001000 0.977285 0.133240 0.049644
1566.001000 0.974420 0.135371 0.054434
1567.001000 0.973230 0.138826 0.056453
1568.001000 0.973052 0.142588 0.056100
1569.001000 0.973079 0.146371 0.056367
1570.001000 0.972164 0.149874 0.058156
1571.001000 0.969737 0.152427 0.060326
1572.001000 0.966043 0.153482 0.061982
1573.001000 0.961810 0.153177 0.062826
1574.001000 0.958184 0.152155 0.062781
1575.001000 0.956183 0.151245 0.062372
1576.001000 0.955704 0.150857 0.062483
1577.001000 0.955242 0.150175 0.062738
1578.001000 0.952811 0.147923 0.062040
1579.001000 0.948006 0.144957 0.062276
1580.001000 0.943030 0.144244 0.066579
1581.001000 0.939983 0.146598 0.072565
1582.001000 0.938743 0.150169 0.075328
1583.001000 0.938556 0.153634 0.074919
1584.001000 0.938662 0.156800 0.075143
1585.001000 0.937893 0.159690 0.077503
1586.001000 0.935580 0.161883 0.080451
1587.001000 0.931951 0.162814 0.082543
1588.001000 0.927689 0.162526 0.083486
1589.001000 0.923849 0.161606 0.083494
1590.001000 0.921483 0.160827 0.083201
1591.001000 0.920637 0.160585 0.083489
1592.001000 0.919861 0.160053 0.083916
1593.001000 0.917102 0.157852 0.083159
1594.001000 0.911916 0.154818 0.083258
1595.001000 0.906660 0.154121 0.088074
1596.001000 0.903591 0.156561 0.095162
1597.001000 0.902444 0.159971 0.098696
1598.001000 0.902282 0.162943 0.098332
1599.001000 0.902391 0.165525 0.098432
1600.001000 0.901659 0.168040 0.101044
1601.001000 0.899362 0.170153 0.104456
1602.001000 0.895741 0.171117 0.106916
1603.001000 0.891496 0.170783 0.108057
1604.001000 0.887635 0.169728 0.108122
1605.001000 0.885247 0.168777 0.107739
1606.001000 0.884513 0.168392 0.107928
1607.001000 0.884006 0.167779 0.108409
1608.001000 0.881475 0.165450 0.107597
1609.001000 0.876258 0.162200 0.107449
1610.001000 0.870777 0.161478 0.112604
1611.001000 0.867554 0.164199 0.120785
1612.001000 0.866377 0.167800 0.125161
1613.001000 0.866217 0.170507 0.124772
1614.001000 0.866403 0.172379 0.124665
1615.001000 0.865847 0.174089 0.127736
1616.001000 0.863725 0.175669 0.131997
1617.001000 0.860225 0.176438 0.135011
1618.001000 0.856033 0.176116 0.136277
1619.001000 0.852055 0.175177 0.136399
1620.001000 0.849345 0.174374 0.136202
1621.001000 0.848221 0.174128 0.136636
1622.001000 0.847385 0.173645 0.137315
1623.001000 0.844568 0.171391 0.136418
1624.001000 0.839050 0.168156 0.135962
1625.001000 0.833361 0.167533 0.141309
1626.001000 0.830152 0.170378 0.150311
1627.001000 0.829087 0.173843 0.155392
1628.001000 0.828959 0.176070 0.155060
1629.001000 0.829138 0.177313 0.154690
1630.001000 0.828635 0.178538 0.157797
1631.001000 0.826592 0.179927 0.162373
1632.001000 0.823177 0.180671 0.165714
1633.001000 0.819100 0.180281 0.167197
1634.001000 0.815214 0.179197 0.167403
1635.001000 0.812538 0.178252 0.167124
1636.001000 0.811495 0.177925 0.167400
1637.001000 0.810887 0.177432 0.168068
1638.001000 0.808323 0.175145 0.167086
1639.001000 0.802858 0.171815 0.166223
1640.001000 0.797032 0.171276 0.171525
1641.001000 0.793711 0.174486 0.181206
1642.001000 0.792626 0.178266 0.186936
1643.001000 0.792508 0.180379 0.186524
1644.001000 0.792757 0.180983 0.185759
1645.001000 0.792436 0.181349 0.189092
1646.001000 0.790608 0.182099 0.194391
1647.001000 0.787364 0.182591 0.198250
1648.001000 0.783405 0.182222 0.199818
1649.001000 0.779504 0.181277 0.200039
1650.001000 0.776585 0.180492 0.199984
1651.001000 0.775155 0.180294 0.200553
1652.001000 0.774197 0.179907 0.201412
1653.001000 0.771375 0.177713 0.200291
1654.001000 0.765694 0.174500 0.198945
1655.001000 0.759754 0.174189 0.204076
1656.001000 0.756495 0.177592 0.214087
1657.001000 0.755530 0.181291 0.220179
1658.001000 0.755445 0.183035 0.219727
1659.001000 0.755676 0.183103 0.218567
1660.001000 0.755404 0.182999 0.221704
1661.001000 0.753695 0.183518 0.227070
1662.001000 0.750602 0.183941 0.231080
1663.001000 0.746844 0.183487 0.232807
1664.001000 0.743150 0.182397 0.233113
1665.001000 0.740357 0.181494 0.232988
1666.001000 0.739010 0.181272 0.233351
1667.001000 0.738226 0.180955 0.234113
1668.001000 0.735649 0.178835 0.232863
1669.001000 0.730087 0.175680 0.230976
1670.001000 0.724096 0.175617 0.235713
1671.001000 0.720776 0.179506 0.245899
1672.001000 0.719804 0.183660 0.252228
1673.001000 0.719735 0.185515 0.251514
1674.001000 0.720032 0.185160 0.249759
1675.001000 0.719933 0.184298 0.252879
1676.001000 0.718450 0.184190 0.258782
1677.001000 0.715558 0.184366 0.263162
1678.001000 0.711963 0.183976 0.264857
1679.001000 0.708345 0.183090 0.265074
1680.001000 0.705417 0.182386 0.265170
1681.001000 0.703731 0.182294 0.265866
1682.001000 0.702586 0.182062 0.266790
1683.001000 0.699765 0.180057 0.265336
1684.001000 0.694065 0.177136 0.262812
1685.001000 0.688056 0.177471 0.267090
1686.001000 0.684853 0.181656 0.277163
1687.001000 0.684008 0.185795 0.283412
1688.001000 0.683970 0.187431 0.282470
1689.001000 0.684242 0.186742 0.280200
1690.001000 0.684185 0.185545 0.282946
1691.001000 0.682837 0.185255 0.288733
1692.001000 0.680140 0.185367 0.293083
1693.001000 0.676811 0.184889 0.294847
1694.001000 0.673502 0.183878 0.295122
1695.001000 0.670813 0.183102 0.295158
1696.001000 0.669258 0.183046 0.295636
1697.001000 0.668251 0.182954 0.296388
1698.001000 0.665648 0.181131 0.294785
1699.001000 0.660110 0.178437 0.291643
1700.001000 0.654123 0.179224 0.295275
1701.001000 0.650909 0.184059 0.305160
1702.001000 0.650074 0.188791 0.311249
1703.001000 0.650055 0.190766 0.309818
1704.001000 0.650396 0.189947 0.306766
1705.001000 0.650503 0.188216 0.309268
1706.001000 0.649372 0.187429 0.315458
1707.001000 0.646873 0.187382 0.320051
1708.001000 0.643726 0.187059 0.321656
1709.001000 0.640556 0.186355 0.321713
1710.001000 0.637844 0.185869 0.321905
1711.001000 0.636039 0.185982 0.322753
1712.001000 0.634694 0.185966 0.323639
1713.001000 0.631860 0.184272 0.321773
1714.001000 0.626254 0.181928 0.317899
1715.001000 0.620335 0.183300 0.320866
1716.001000 0.617286 0.188565 0.330390
1717.001000 0.616585 0.193343 0.336099
1718.001000 0.616590 0.195223 0.334278
1719.001000 0.616904 0.194295 0.330630
1720.001000 0.617053 0.192441 0.332620
1721.001000 0.616063 0.191594 0.338615
1722.001000 0.613778 0.191533 0.343104
1723.001000 0.610931 0.191137 0.344737
1724.001000 0.608146 0.190328 0.344848
1725.001000 0.605782 0.189829 0.344964
1726.001000 0.604190 0.190057 0.345596
1727.001000 0.602984 0.190242 0.346261
1728.001000 0.600341 0.188801 0.344241
1729.001000 0.594924 0.186822 0.339763
1730.001000 0.589087 0.188842 0.341915
1731.001000 0.586064 0.194944 0.351059
1732.001000 0.585386 0.200453 0.356418
1733.001000 0.585415 0.202848 0.353968
1734.001000 0.585801 0.202056 0.349410
1735.001000 0.586113 0.199937 0.350941
1736.001000 0.585329 0.198791 0.357237
1737.001000 0.583216 0.198725 0.361926
1738.001000 0.580526 0.198615 0.363315
1739.001000 0.577902 0.198230 0.363104
1740.001000 0.575603 0.198134 0.363266
1741.001000 0.573864 0.198607 0.364251
1742.001000 0.572378 0.198880 0.365023
1743.001000 0.569532 0.197561 0.362669
1744.001000 0.564112 0.196001 0.357427
1745.001000 0.558421 0.198751 0.358782
1746.001000 0.555598 0.205411 0.367460
1747.001000 0.555051 0.211026 0.372383
1748.001000 0.555089 0.213393 0.369527
1749.001000 0.555439 0.212651 0.364380
1750.001000 0.555800 0.210603 0.365293
1751.001000 0.555173 0.209537 0.371344
1752.001000 0.553278 0.209527 0.375957
1753.001000 0.550890 0.209364 0.377400
1754.001000 0.548683 0.208874 0.377292
1755.001000 0.546818 0.208795 0.377362
1756.001000 0.545380 0.209458 0.378091
1757.001000 0.544063 0.209989 0.378587
1758.001000 0.541392 0.208948 0.376058
1759.001000 0.536185 0.207805 0.370299
1760.001000 0.530631 0.211317 0.370759
1761.001000 0.527861 0.218962 0.378936
1762.001000 0.527341 0.225434 0.383514
1763.001000 0.527402 0.228437 0.380078
1764.001000 0.527819 0.228008 0.374013
1765.001000 0.528345 0.225904 0.374286
1766.001000 0.527924 0.224725 0.380514
1767.001000 0.526171 0.224874 0.385330
1768.001000 0.523877 0.225151 0.386501
1769.001000 0.521798 0.225203 0.386005
1770.001000 0.520042 0.225613 0.386016
1771.001000 0.518552 0.226593 0.387022
1772.001000 0.517024 0.227239 0.387573
1773.001000 0.514190 0.226297 0.384624
1774.001000 0.509040 0.225567 0.378101
1775.001000 0.503708 0.229851 0.377713
1776.001000 0.501163 0.238113 0.385373
1777.001000 0.500760 0.244726 0.389624
1778.001000 0.500805 0.247726 0.385963
1779.001000 0.501159 0.247414 0.379455
1780.001000 0.501729 0.245490 0.379063
1781.001000 0.501491 0.244478 0.384986
1782.001000 0.499973 0.244721 0.389785
1783.001000 0.497960 0.244952 0.391086
1784.001000 0.496282 0.244877 0.390779
1785.001000 0.495004 0.245279 0.390723
1786.001000 0.493892 0.246472 0.391412
1787.001000 0.492575 0.247419 0.391601
1788.001000 0.489910 0.246748 0.388416
1789.001000 0.484987 0.246393 0.381485
1790.001000 0.479846 0.251421 0.380227
1791.001000 0.477382 0.260710 0.387280
1792.001000 0.477008 0.268258 0.391253
1793.001000 0.477068 0.271970 0.387221
1794.001000 0.477469 0.272063 0.379965
1795.001000 0.478190 0.270191 0.378832
1796.001000 0.478168 0.269175 0.384776
1797.001000 0.476781 0.269683 0.389776
1798.001000 0.474789 0.270484 0.390818
1799.001000 0.473148 0.271074 0.390100
1800.001000 0.471964 0.272022 0.389910
1801.001000 0.470865 0.273554 0.390790
1802.001000 0.469407 0.274626 0.390977
1803.001000 0.466618 0.274022 0.387284
1804.001000 0.461801 0.274008 0.379601
1805.001000 0.456949 0.279729 0.377523
1806.001000 0.454733 0.289588 0.384026
1807.001000 0.454456 0.297256 0.387813
1808.001000 0.454468 0.300949 0.383855
1809.001000 0.454761 0.301167 0.376466
1810.001000 0.455489 0.299497 0.374712
1811.001000 0.455666 0.298654 0.380275
1812.001000 0.454553 0.299221 0.385303
1813.001000 0.452831 0.299927 0.386560
1814.001000 0.451536 0.300355 0.386131
1815.001000 0.450817 0.301238 0.385943
1816.001000 0.450151 0.302933 0.386464
1817.001000 0.448949 0.304299 0.386193
1818.001000 0.446326 0.303939 0.382175
1819.001000 0.441739 0.304195 0.374173
1820.001000 0.437120 0.310508 0.371337
1821.001000 0.435019 0.321309 0.377139
1822.001000 0.434777 0.329911 0.380654
1823.001000 0.434800 0.334339 0.376549
1824.001000 0.435111 0.334997 0.368730
1825.001000 0.435947 0.333413 0.366256
1826.001000 0.436331 0.332587 0.371648
1827.001000 0.435363 0.333436 0.376832
1828.001000 0.433618 0.334751 0.377852
1829.001000 0.432241 0.335944 0.377015
1830.001000 0.431527 0.337438 0.376657
1831.001000 0.430892 0.339447 0.377292
1832.001000 0.429615 0.340895 0.376974
1833.001000 0.426904 0.340555 0.372402
1834.001000 0.422454 0.341042 0.363673
1835.001000 0.418171 0.347858 0.360100
1836.001000 0.416337 0.359072 0.365328
1837.001000 0.416174 0.367721 0.368733
1838.001000 0.416116 0.372076 0.364968
1839.001000 0.416265 0.372825 0.357409
1840.001000 0.417036 0.371416 0.354474
1841.001000 0.417595 0.370721 0.359377
1842.001000 0.416945 0.371536 0.364582
1843.001000 0.415497 0.372616 0.365882
1844.001000 0.414410 0.373551 0.365414
1845.001000 0.414089 0.374923 0.365148
1846.001000 0.413895 0.377009 0.365423
1847.001000 0.412920 0.378679 0.364562
1848.001000 0.410380 0.378531 0.359567
1849.001000 0.406148 0.379155 0.350574
1850.001000 0.402121 0.386302 0.346402
1851.001000 0.400432 0.398235 0.350870
1852.001000 0.400319 0.407750 0.353903
1853.001000 0.400278 0.412815 0.350076
1854.001000 0.400422 0.413990 0.342410
1855.001000 0.401237 0.412657 0.338911
1856.001000 0.401956 0.411953 0.343424
1857.001000 0.401461 0.413008 0.348640
1858.001000 0.399991 0.414629 0.349692
1859.001000 0.398729 0.416324 0.348816
1860.001000 0.398270 0.418370 0.348369
1861.001000 0.398052 0.420752 0.348700
1862.001000 0.397046 0.422411 0.347756
1863.001000 0.394463 0.422208 0.342208
1864.001000 0.390385 0.422946 0.332548
1865.001000 0.386713 0.430327 0.327751
1866.001000 0.385297 0.442399 0.331639
1867.001000 0.385246 0.451849 0.334563
1868.001000 0.385099 0.456784 0.331200
1869.001000 0.385034 0.457985 0.324117
1870.001000 0.385696 0.456775 0.320415
1871.001000 0.386514 0.456144 0.324319
1872.001000 0.386344 0.457074 0.329444
1873.001000 0.385225 0.458270 0.330783
1874.001000 0.384242 0.459511 0.330306
1875.001000 0.384082 0.461340 0.330034
1876.001000 0.384244 0.463714 0.330055
1877.001000 0.383564 0.465481 0.328530
1878.001000 0.381175 0.465389 0.322475
1879.001000 0.377302 0.466147 0.312573
1880.001000 0.373887 0.473547 0.307344
1881.001000 0.372635 0.485965 0.310472
1882.001000 0.372653 0.496123 0.312886
1883.001000 0.372540 0.501733 0.309381
1884.001000 0.372463 0.503316 0.302358
1885.001000 0.373105 0.502140 0.298324
1886.001000 0.373998 0.501458 0.301659
1887.001000 0.373961 0.502580 0.306531
1888.001000 0.372843 0.504205 0.307530
1889.001000 0.371654 0.506073 0.306602
1890.001000 0.371220 0.508562 0.306138
1891.001000 0.371228 0.511232 0.306189
1892.001000 0.370506 0.512886 0.304580
1893.001000 0.368123 0.512636 0.298035
1894.001000 0.364427 0.513415 0.287570
1895.001000 0.361363 0.520781 0.281856
1896.001000 0.360372 0.532956 0.284428
1897.001000 0.360433 0.542863 0.286709
1898.001000 0.360198 0.548316 0.283683
1899.001000 0.359881 0.549878 0.277399
1900.001000 0.360286 0.548759 0.273437
1901.001000 0.361165 0.548096 0.276112
1902.001000 0.361410 0.549048 0.280690
1903.001000 0.360686 0.550106 0.281910
1904.001000 0.359812 0.551263 0.281340
1905.001000 0.359619 0.553355 0.281088
1906.001000 0.359900 0.555929 0.280932
1907.001000 0.359470 0.557569 0.278817
1908.001000 0.357307 0.557324 0.271792
1909.001000 0.353820 0.558045 0.261125
1910.001000 0.351003 0.565170 0.255144
1911.001000 0.350182 0.577231 0.257031
1912.001000 0.350332 0.587542 0.258722
1913.001000 0.350158 0.593612 0.255442
1914.001000 0.349842 0.595535 0.249225
1915.001000 0.350180 0.594400 0.245146
1916.001000 0.351033 0.593636 0.247214
1917.001000 0.351343 0.594757 0.251256
1918.001000 0.350636 0.596170 0.251995
1919.001000 0.349577 0.597771 0.250897
1920.001000 0.349036 0.600398 0.250410
1921.001000 0.349017 0.603257 0.250294
1922.001000 0.348461 0.604706 0.248182
1923.001000 0.346327 0.604186 0.240884
1924.001000 0.343049 0.604865 0.229887
1925.001000 0.340574 0.611775 0.223607
1926.001000 0.339986 0.623211 0.225022
1927.001000 0.340159 0.632990 0.226588
1928.001000 0.339855 0.638873 0.223807
1929.001000 0.339287 0.640803 0.218389
1930.001000 0.339328 0.639687 0.214611
1931.001000 0.340048 0.638895 0.216115
1932.001000 0.340542 0.639853 0.219697
1933.001000 0.340234 0.640676 0.220564
1934.001000 0.339554 0.641370 0.219771
1935.001000 0.339254 0.643366 0.219477
1936.001000 0.339413 0.646014 0.219271
1937.001000 0.339064 0.647346 0.216870
1938.001000 0.337143 0.646713 0.209359
1939.001000 0.334090 0.647288 0.198382
1940.001000 0.331856 0.653821 0.192041
1941.001000 0.331437 0.664739 0.192936
1942.001000 0.331717 0.674497 0.193954
1943.001000 0.331510 0.680839 0.190911
1944.001000 0.330976 0.683149 0.185565
1945.001000 0.330938 0.682008 0.181845
1946.001000 0.331541 0.681067 0.182874
1947.001000 0.331996 0.682191 0.185795
1948.001000 0.331683 0.683368 0.186103
1949.001000 0.330865 0.684369 0.184766
1950.001000 0.330224 0.686718 0.184188
1951.001000 0.329979 0.689604 0.184034
1952.001000 0.329386 0.690715 0.181795
1953.001000 0.327468 0.689705 0.174430
1954.001000 0.324648 0.690185 0.163618
1955.001000 0.322747 0.696432 0.157295
1956.001000 0.322528 0.706469 0.157874
1957.001000 0.322809 0.715389 0.158836
1958.001000 0.322473 0.721453 0.156354
1959.001000 0.321697 0.723855 0.151883
1960.001000 0.321337 0.722782 0.148658
1961.001000 0.321710 0.721784 0.149335
1962.001000 0.322225 0.722782 0.151792
1963.001000 0.322259 0.723462 0.152197
1964.001000 0.321869 0.723504 0.151171
1965.001000 0.321524 0.725019 0.150760
1966.001000 0.321419 0.727561 0.150591
1967.001000 0.320935 0.728485 0.148315
1968.001000 0.319186 0.727260 0.141201
1969.001000 0.316598 0.727600 0.130924
1970.001000 0.314934 0.733443 0.124888
1971.001000 0.314879 0.742718 0.125178
1972.001000 0.315289 0.751189 0.125745
1973.001000 0.315093 0.757419 0.123118
1974.001000 0.314402 0.760180 0.118817
1975.001000 0.313983 0.759142 0.115826
1976.001000 0.314187 0.757970 0.116252
1977.001000 0.314554 0.759124 0.118122
1978.001000 0.314514 0.760212 0.118037
1979.001000 0.314012 0.760504 0.116593
1980.001000 0.313387 0.762182 0.115921
1981.001000 0.312860 0.764867 0.115790
1982.001000 0.312033 0.765587 0.113795
1983.001000 0.310226 0.763934 0.107290
1984.001000 0.307870 0.764126 0.097890
1985.001000 0.306523 0.769677 0.092377
1986.001000 0.306629 0.777971 0.092573
1987.001000 0.307020 0.785375 0.093175
1988.001000 0.306703 0.791167 0.091169
1989.001000 0.305795 0.794077 0.087811
1990.001000 0.305066 0.793234 0.085477
1991.001000 0.304987 0.792018 0.085791
1992.001000 0.305299 0.793072 0.087302
1993.001000 0.305508 0.793827 0.087350
1994.001000 0.305431 0.793261 0.086291
1995.001000 0.305171 0.793987 0.085805
1996.001000 0.304812 0.796174 0.085676
1997.001000 0.304035 0.796659 0.083794
1998.001000 0.302333 0.794733 0.077950
1999.001000 0.300195 0.794746 0.069724
2000.001000 0.299077 0.799927 0.065005
2001.001000 0.299340 0.807374 0.065181
2002.001000 0.299878 0.813992 0.065560
2003.001000 0.299749 0.819568 0.063583
2004.001000 0.298991 0.822690 0.060549
2005.001000 0.298252 0.821949 0.058620
2006.001000 0.297993 0.820575 0.058907
2007.001000 0.298077 0.821739 0.059990
2008.001000 0.298119 0.822954 0.059706
2009.001000 0.297910 0.822659 0.058470
2010.001000 0.297431 0.823377 0.057866
2011.001000 0.296704 0.825523 0.057762
2012.001000 0.295554 0.825804 0.056175
2013.001000 0.293736 0.823469 0.051221
2014.001000 0.291805 0.823283 0.044502
2015.001000 0.290971 0.828180 0.040894
2016.001000 0.291351 0.834668 0.041251
2017.001000 0.291846 0.840097 0.041727
2018.001000 0.291606 0.845051 0.040365
2019.001000 0.290672 0.848285 0.038262
2020.001000 0.289660 0.847863 0.037050
2021.001000 0.289108 0.846507 0.037407
2022.001000 0.289056 0.847557 0.038253
2023.001000 0.289240 0.848587 0.038115
2024.001000 0.289398 0.847653 0.037318
2025.001000 0.289315 0.847422 0.036955
2026.001000 0.288818 0.848893 0.036845
2027.001000 0.287721 0.848842 0.035390
2028.001000 0.285964 0.846213 0.031283
2029.001000 0.284223 0.845808 0.026177
2030.001000 0.283600 0.850382 0.023848
2031.001000 0.284123 0.856069 0.024468
2032.001000 0.284776 0.860502 0.024845
2033.001000 0.284770 0.864832 0.023643
2034.001000 0.284058 0.867985 0.022016
2035.001000 0.283108 0.867647 0.021331
2036.001000 0.282403 0.866173 0.021815
2037.001000 0.282081 0.867258 0.022384
2038.001000 0.282017 0.868732 0.022063
2039.001000 0.281990 0.868123 0.021333
2040.001000 0.281712 0.867776 0.021071
2041.001000 0.280925 0.868947 0.021016
2042.001000 0.279499 0.868571 0.019787
2043.001000 0.277611 0.865572 0.016630
2044.001000 0.276047 0.864933 0.013337
2045.001000 0.275665 0.869203 0.012536
2046.001000 0.276251 0.874034 0.013614
2047.001000 0.276828 0.877286 0.014113
2048.001000 0.276717 0.880820 0.013420
2049.001000 0.275873 0.883944 0.012605
2050.001000 0.274712 0.883971 0.012570
2051.001000 0.273738 0.882595 0.013186
2052.001000 0.273236 0.883528 0.013607
2053.001000 0.273226 0.884876 0.013408
2054.001000 0.273485 0.883878 0.013070
2055.001000 0.273584 0.882734 0.013069
2056.001000 0.273073 0.883100 0.012994
2057.001000 0.271749 0.882199 0.011826
2058.001000 0.269925 0.878855 0.009495
2059.001000 0.268532 0.877969 0.007930
2060.001000 0.268338 0.881932 0.008644
2061.001000 0.269045 0.886093 0.010203
2062.001000 0.269779 0.888314 0.010673
2063.001000 0.269936 0.890872 0.010170
2064.001000 0.269386 0.893516 0.009923
2065.001000 0.268377 0.893474 0.010489
2066.001000 0.267312 0.892002 0.011290
2067.001000 0.266536 0.892895 0.011533
2068.001000 0.266221 0.894582 0.011281
2069.001000 0.266238 0.893926 0.011197
2070.001000 0.266136 0.892643 0.011513
2071.001000 0.265393 0.892482 0.011566
2072.001000 0.263824 0.891010 0.010517
2073.001000 0.261917 0.887261 0.009028
2074.001000 0.260694 0.886131 0.009265
2075.001000 0.260699 0.889724 0.011605
2076.001000 0.261411 0.893143 0.013797
2077.001000 0.262026 0.894339 0.014414
2078.001000 0.262070 0.896033 0.014229
2079.001000 0.261430 0.898452 0.014563
2080.001000 0.260283 0.898708 0.015612
2081.001000 0.259008 0.897392 0.016486
2082.001000 0.258047 0.898110 0.016612
2083.001000 0.257719 0.899643 0.016463
2084.001000 0.257943 0.898780 0.016673
2085.001000 0.258170 0.896954 0.017189
2086.001000 0.257716 0.896009 0.017194
2087.001000 0.256304 0.893808 0.016085
2088.001000 0.254507 0.889582 0.015252
2089.001000 0.253465 0.888183 0.017076
2090.001000 0.253644 0.891461 0.020865
2091.001000 0.254458 0.894345 0.023598
2092.001000 0.255214 0.894642 0.024222
2093.001000 0.255539 0.895188 0.024172
2094.001000 0.255251 0.896731 0.025050
2095.001000 0.254356 0.896643 0.026718
2096.001000 0.253085 0.895196 0.027759
2097.001000 0.251886 0.895832 0.027719
2098.001000 0.251226 0.897562 0.027625
2099.001000 0.251163 0.896972 0.028246
2100.001000 0.251173 0.895014 0.029253
2101.001000 0.250527 0.893434 0.029480
2102.001000 0.248956 0.890419 0.028376
2103.001000 0.247161 0.885664 0.028150
2104.001000 0.246320 0.884025 0.031528
2105.001000 0.246673 0.886874 0.036757
2106.001000 0.247449 0.889076 0.040126
2107.001000 0.248039 0.888582 0.040925
2108.001000 0.248225 0.888371 0.040999
2109.001000 0.247870 0.889561 0.042127
2110.001000 0.246914 0.889631 0.044020
2111.001000 0.245520 0.888343 0.044993
2112.001000 0.244172 0.888814 0.044785
2113.001000 0.243462 0.890345 0.044777
2114.001000 0.243532 0.889635 0.045616
2115.001000 0.243814 0.887389 0.046725
2116.001000 0.243446 0.885208 0.046850
2117.001000 0.242073 0.881382 0.045549
2118.001000 0.240451 0.875988 0.045708
2119.001000 0.239829 0.874051 0.050351
2120.001000 0.240361 0.876609 0.056742
2121.001000 0.241235 0.878385 0.060525
2122.001000 0.241954 0.877201 0.061318
2123.001000 0.242409 0.875889 0.061458
2124.001000 0.242436 0.875957 0.063007
2125.001000 0.241821 0.875385 0.065442
2126.001000 0.240548 0.873859 0.066508
2127.001000 0.239043 0.874239 0.066052
2128.001000 0.238014 0.875871 0.066137
2129.001000 0.237769 0.875318 0.067524
2130.001000 0.237815 0.872920 0.069265
2131.001000 0.237283 0.870100 0.069698
2132.001000 0.235831 0.865342 0.068311
2133.001000 0.234309 0.859287 0.068774
2134.001000 0.233943 0.857110 0.074556
2135.001000 0.234649 0.859251 0.082005
2136.001000 0.235465 0.860389 0.086263
2137.001000 0.235988 0.858638 0.087229
2138.001000 0.236269 0.856814 0.087374
2139.001000 0.236226 0.856566 0.088844
2140.001000 0.235608 0.856044 0.091182
2141.001000 0.234313 0.854637 0.091988
2142.001000 0.232733 0.854886 0.091238
2143.001000 0.231656 0.856326 0.091355
2144.001000 0.231488 0.855700 0.092916
2145.001000 0.231742 0.853215 0.094685
2146.001000 0.231463 0.850069 0.094963
2147.001000 0.230236 0.844607 0.093256
2148.001000 0.228949 0.837825 0.093809
2149.001000 0.228852 0.835321 0.100456
2150.001000 0.229761 0.837252 0.108669
2151.001000 0.230692 0.838100 0.113083
2152.001000 0.231348 0.835891 0.113954
2153.001000 0.231882 0.833168 0.114123
2154.001000 0.232218 0.831774 0.115904
2155.001000 0.231996 0.830417 0.118660
2156.001000 0.230936 0.828646 0.119455
2157.001000 0.229316 0.828811 0.118314
2158.001000 0.227978 0.830349 0.118466
2159.001000 0.227494 0.829806 0.120666
2160.001000 0.227501 0.827125 0.123180
2161.001000 0.227079 0.823394 0.123853
2162.001000 0.225846 0.817045 0.122004
2163.001000 0.224756 0.809563 0.122576
2164.001000 0.224978 0.806827 0.129918
2165.001000 0.226071 0.808422 0.138737
2166.001000 0.226945 0.808734 0.143373
2167.001000 0.227405 0.806170 0.144364
2168.001000 0.227745 0.803240 0.144496
2169.001000 0.227992 0.801726 0.145985
2170.001000 0.227795 0.800438 0.148374
2171.001000 0.226798 0.798762 0.148742
2172.001000 0.225202 0.798834 0.147167
2173.001000 0.223860 0.800258 0.147244
2174.001000 0.223427 0.799726 0.149593
2175.001000 0.223583 0.797116 0.152103
2176.001000 0.223375 0.793352 0.152609
2177.001000 0.222379 0.786584 0.150369
2178.001000 0.221578 0.778447 0.150772
2179.001000 0.222123 0.775380 0.158633
2180.001000 0.223449 0.776874 0.167880
2181.001000 0.224466 0.777084 0.172402
2182.001000 0.225085 0.774318 0.173150
2183.001000 0.225678 0.770781 0.173274
2184.001000 0.226287 0.768286 0.175033
2185.001000 0.226503 0.766148 0.177776
2186.001000 0.225825 0.764044 0.178091
2187.001000 0.224309 0.764044 0.175994
2188.001000 0.222802 0.765639 0.175977
2189.001000 0.222091 0.765223 0.179001
2190.001000 0.222004 0.762395 0.182344
2191.001000 0.221670 0.758115 0.183325
2192.001000 0.220730 0.750642 0.180949
2193.001000 0.220214 0.741918 0.181144
2194.001000 0.221141 0.738665 0.189334
2195.001000 0.222663 0.739930 0.198843
2196.001000 0.223631 0.739751 0.203373
2197.001000 0.224074 0.736847 0.204171
2198.001000 0.224483 0.733423 0.204250
2199.001000 0.224992 0.731103 0.205627
2200.001000 0.225235 0.729185 0.207851
2201.001000 0.224676 0.727226 0.207693
2202.001000 0.223276 0.727171 0.205098
2203.001000 0.221834 0.728758 0.204873
2204.001000 0.221184 0.728509 0.208010
2205.001000 0.221204 0.725906 0.211357
2206.001000 0.221038 0.721837 0.212192
2207.001000 0.220331 0.714320 0.209432
2208.001000 0.220146 0.705193 0.209251
2209.001000 0.221445 0.701673 0.217687
2210.001000 0.223233 0.702941 0.227454
2211.001000 0.224369 0.702848 0.231741
2212.001000 0.225007 0.699999 0.232167
2213.001000 0.225693 0.696292 0.232184
2214.001000 0.226558 0.693271 0.233829
2215.001000 0.227207 0.690642 0.236398
2216.001000 0.227008 0.688295 0.236241
2217.001000 0.225786 0.688194 0.233098
2218.001000 0.224282 0.690034 0.232608
2219.001000 0.223420 0.690026 0.236379
2220.001000 0.223225 0.687256 0.240618
2221.001000 0.222954 0.682719 0.241981
2222.001000 0.222349 0.674717 0.239127
2223.001000 0.222521 0.665255 0.238571
2224.001000 0.224257 0.661660 0.247023
2225.001000 0.226257 0.662800 0.256841
2226.001000 0.227341 0.662454 0.261066
2227.001000 0.227822 0.659642 0.261527
2228.001000 0.228355 0.656328 0.261503
2229.001000 0.229133 0.653796 0.262731
2230.001000 0.229810 0.651614 0.264689
2231.001000 0.229755 0.649532 0.264084
2232.001000 0.228714 0.649430 0.260503
2233.001000 0.227346 0.651330 0.259673
2234.001000 0.226573 0.651659 0.263449
2235.001000 0.226466 0.649294 0.267689
2236.001000 0.226322 0.645144 0.268919
2237.001000 0.225930 0.637426 0.265724
2238.001000 0.226452 0.627919 0.264635
2239.001000 0.228605 0.624204 0.273044
2240.001000 0.230907 0.625437 0.283021
2241.001000 0.232180 0.625316 0.287023
2242.001000 0.232880 0.622749 0.287076
2243.001000 0.233722 0.619428 0.286922
2244.001000 0.234871 0.616496 0.288391
2245.001000 0.235945 0.613818 0.290659
2246.001000 0.236259 0.611469 0.290093
2247.001000 0.235454 0.611372 0.286017
2248.001000 0.234109 0.613569 0.284755
2249.001000 0.233198 0.614255 0.288989
2250.001000 0.232920 0.611836 0.294089
2251.001000 0.232698 0.607258 0.295830
2252.001000 0.232442 0.599206 0.292557
2253.001000 0.233367 0.589646 0.290968
2254.001000 0.235998 0.586019 0.299071
2255.001000 0.238528 0.587211 0.308901
2256.001000 0.239743 0.586928 0.312844
2257.001000 0.240283 0.584489 0.312996
2258.001000 0.241000 0.581724 0.312819
2259.001000 0.242095 0.579520 0.313855
2260.001000 0.243209 0.577506 0.315412
2261.001000 0.243675 0.575566 0.314361
2262.001000 0.243087 0.575526 0.309935
2263.001000 0.241930 0.577791 0.308237
2264.001000 0.241142 0.578907 0.312259
2265.001000 0.240948 0.577063 0.317247
2266.001000 0.240821 0.573004 0.318799
2267.001000 0.240747 0.565436 0.315185
2268.001000 0.242016 0.556149 0.312945
2269.001000 0.245086 0.552591 0.320676
2270.001000 0.247962 0.553947 0.330493
2271.001000 0.249389 0.553971 0.334240
2272.001000 0.250154 0.551878 0.334021
2273.001000 0.251198 0.549271 0.333653
2274.001000 0.252690 0.546890 0.334863
2275.001000 0.254205 0.544584 0.336641
2276.001000 0.255033 0.542514 0.335556
2277.001000 0.254701 0.542542 0.330654
2278.001000 0.253625 0.545099 0.328381
2279.001000 0.252762 0.546614 0.332569
2280.001000 0.252444 0.544817 0.338226
2281.001000 0.252271 0.540376 0.340164
2282.001000 0.252357 0.532531 0.336417
2283.001000 0.254046 0.523383 0.333581
2284.001000 0.257604 0.520070 0.340706
2285.001000 0.260724 0.521446 0.350134
2286.001000 0.262091 0.521355 0.353781
2287.001000 0.262676 0.519408 0.353747
2288.001000 0.263593 0.517392 0.353409
2289.001000 0.265061 0.515837 0.354192
2290.001000 0.266646 0.514322 0.355187
2291.001000 0.267636 0.512765 0.353500
2292.001000 0.267532 0.512885 0.348262
2293.001000 0.266672 0.515460 0.345505
2294.001000 0.265957 0.517387 0.349235
2295.001000 0.265726 0.516257 0.354543
2296.001000 0.265626 0.512435 0.356121
2297.001000 0.265862 0.505166 0.351964
2298.001000 0.267864 0.496480 0.348394
2299.001000 0.271854 0.493391 0.354859
2300.001000 0.275352 0.494971 0.364041
2301.001000 0.276971 0.495209 0.367436
2302.001000 0.277782 0.493643 0.367062
2303.001000 0.279015 0.491859 0.366499
2304.001000 0.280893 0.490237 0.367379
2305.001000 0.282897 0.488551 0.368516
2306.001000 0.284248 0.486965 0.366666
2307.001000 0.284399 0.487192 0.360891
2308.001000 0.283643 0.490016 0.357446
2309.001000 0.282895 0.492296 0.361053
2310.001000 0.282585 0.491248 0.366738
2311.001000 0.282473 0.487084 0.368473
2312.001000 0.282888 0.479543 0.364063
2313.001000 0.285303 0.471066 0.359837
2314.001000 0.289755 0.468312 0.365491
2315.001000 0.293488 0.469940 0.374087
2316.001000 0.295056 0.470061 0.377305
2317.001000 0.295671 0.468612 0.377167
2318.001000 0.296744 0.467387 0.376721
2319.001000 0.298597 0.466574 0.377222
2320.001000 0.300702 0.465682 0.377604
2321.001000 0.302238 0.464630 0.375085
2322.001000 0.302623 0.464933 0.368942
2323.001000 0.302090 0.467669 0.365000
2324.001000 0.301501 0.470243 0.367990
2325.001000 0.301279 0.469849 0.373104
2326.001000 0.301226 0.466347 0.374250
2327.001000 0.301762 0.459416 0.369305
2328.001000 0.304450 0.451470 0.364312
2329.001000 0.309297 0.449015 0.369126
2330.001000 0.313414 0.450853 0.377297
2331.001000 0.315275 0.451266 0.380182
2332.001000 0.316134 0.450165 0.379689
2333.001000 0.317500 0.449190 0.379008
2334.001000 0.319741 0.448362 0.379541
2335.001000 0.322274 0.447333 0.380035
2336.001000 0.324186 0.446284 0.377305
2337.001000 0.324828 0.446687 0.370569
2338.001000 0.324400 0.449574 0.365862
2339.001000 0.323798 0.452386 0.368526
2340.001000 0.323528 0.452037 0.373776
2341.001000 0.323493 0.448199 0.374845
2342.001000 0.324225 0.440979 0.369508
2343.001000 0.327309 0.433230 0.363861
2344.001000 0.332562 0.431122 0.367783
2345.001000 0.336870 0.433011 0.375275
2346.001000 0.338676 0.433276 0.377958
2347.001000 0.339339 0.432213 0.377728
2348.001000 0.340510 0.431720 0.377264
2349.001000 0.342688 0.431645 0.377504
2350.001000 0.345323 0.431336 0.377355
2351.001000 0.347449 0.430759 0.374044
2352.001000 0.348345 0.431167 0.366990
2353.001000 0.348142 0.433798 0.361824
2354.001000 0.347694 0.436700 0.363830
2355.001000 0.347507 0.436895 0.368433
2356.001000 0.347517 0.433694 0.368782
2357.001000 0.348345 0.427066 0.362798
2358.001000 0.351659 0.419840 0.356415
2359.001000 0.357258 0.418029 0.359448
2360.001000 0.361926 0.420102 0.366423
2361.001000 0.364046 0.420598 0.368753
2362.001000 0.364984 0.419786 0.368144
2363.001000 0.366438 0.419492 0.367444
2364.001000 0.368960 0.419427 0.367680
2365.001000 0.371998 0.418985 0.367640
2366.001000 0.374508 0.418389 0.364178
2367.001000 0.375679 0.418853 0.356597
2368.001000 0.375588 0.421485 0.350678
2369.001000 0.375128 0.424430 0.352244
2370.001000 0.374909 0.424570 0.356880
2371.001000 0.374960 0.421011 0.357052
2372.001000 0.375991 0.414055 0.350603
2373.001000 0.379675 0.406967 0.343642
2374.001000 0.385614 0.405459 0.345826
2375.001000 0.390406 0.407571 0.352109
2376.001000 0.392438 0.407909 0.354271
2377.001000 0.393178 0.407043 0.353962
2378.001000 0.394422 0.407097 0.353572
2379.001000 0.396833 0.407701 0.353627
2380.001000 0.399934 0.407897 0.353084
2381.001000 0.402662 0.407676 0.349237
2382.001000 0.404114 0.408058 0.341535
2383.001000 0.404263 0.410237 0.335307
2384.001000 0.403950 0.412980 0.336251
2385.001000 0.403801 0.413465 0.340318
2386.001000 0.403879 0.410467 0.339854
2387.001000 0.404974 0.404048 0.332772
2388.001000 0.408840 0.397424 0.325184
2389.001000 0.415073 0.396159 0.326554
2390.001000 0.420196 0.398402 0.332301
2391.001000 0.422539 0.398914 0.334137
2392.001000 0.423573 0.398190 0.333453
2393.001000 0.425107 0.398325 0.332828
2394.001000 0.427824 0.398914 0.332869
2395.001000 0.431273 0.398985 0.332443
2396.001000 0.434364 0.398713 0.328563
2397.001000 0.436105 0.399109 0.320522
2398.001000 0.436388 0.401146 0.313695
2399.001000 0.436069 0.403666 0.314167
2400.001000 0.435894 0.403913 0.318251
2401.001000 0.436027 0.400513 0.317715
2402.001000 0.437322 0.393739 0.310253
2403.001000 0.441513 0.387176 0.302248
2404.001000 0.448012 0.386138 0.302928
2405.001000 0.453191 0.388403 0.308022
2406.001000 0.455397 0.388784 0.309728
2407.001000 0.456207 0.387970 0.309364
2408.001000 0.457525 0.388311 0.309110
2409.001000 0.460100 0.389440 0.309084
2410.001000 0.463555 0.390067 0.308289
2411.001000 0.466829 0.390088 0.304242
2412.001000 0.468862 0.390342 0.296361
2413.001000 0.469409 0.391791 0.289502
2414.001000 0.469241 0.393795 0.289461
2415.001000 0.469122 0.394088 0.293090
2416.001000 0.469267 0.391122 0.292204
2417.001000 0.470587 0.384833 0.284346
2418.001000 0.474895 0.378660 0.275920
2419.001000 0.481623 0.377788 0.275968
2420.001000 0.487105 0.380121 0.280577
2421.001000 0.489621 0.380628 0.282008
2422.001000 0.490725 0.379883 0.281296
2423.001000 0.492335 0.380183 0.280799
2424.001000 0.495198 0.381220 0.280761
2425.001000 0.498944 0.381717 0.280104
2426.001000 0.502525 0.381671 0.276163
2427.001000 0.504837 0.381925 0.268201
2428.001000 0.505542 0.383170 0.261020
2429.001000 0.505386 0.384721 0.260583
2430.001000 0.505248 0.384516 0.264218
2431.001000 0.505459 0.381061 0.263484
2432.001000 0.506970 0.374422 0.255558
2433.001000 0.511540 0.368258 0.246989
2434.001000 0.518442 0.367537 0.246593
2435.001000 0.523909 0.369883 0.250663
2436.001000 0.526246 0.370320 0.251992
2437.001000 0.527089 0.369527 0.251589
2438.001000 0.528459 0.369962 0.251466
2439.001000 0.531164 0.371408 0.251446
2440.001000 0.534874 0.372373 0.250536
2441.001000 0.538579 0.372559 0.246620
2442.001000 0.541158 0.372654 0.239111
2443.001000 0.542146 0.373291 0.232245
2444.001000 0.542155 0.374125 0.231498
2445.001000 0.542066 0.373638 0.234759
2446.001000 0.542278 0.370415 0.233992
2447.001000 0.543780 0.364218 0.226123
2448.001000 0.548387 0.358401 0.217489
2449.001000 0.555429 0.357778 0.216723
2450.001000 0.561156 0.360140 0.220443
2451.001000 0.563810 0.360670 0.221579
2452.001000 0.564951 0.359911 0.220891
2453.001000 0.566597 0.360234 0.220530
2454.001000 0.569575 0.361515 0.220495
2455.001000 0.573538 0.362331 0.219746
2456.001000 0.577484 0.362446 0.216071
2457.001000 0.580297 0.362549 0.208765
2458.001000 0.581452 0.363012 0.201928
2459.001000 0.581497 0.363306 0.200981
2460.001000 0.581397 0.362101 0.204235
2461.001000 0.581686 0.358250 0.203804
2462.001000 0.583373 0.351719 0.196309
2463.001000 0.588173 0.345910 0.187944
2464.001000 0.595280 0.345382 0.187042
2465.001000 0.600905 0.347760 0.190409
2466.001000 0.603339 0.348305 0.191501
2467.001000 0.604193 0.347594 0.191098
2468.001000 0.605563 0.348070 0.191073
2469.001000 0.608356 0.349692 0.191088
2470.001000 0.612259 0.350902 0.190162
2471.001000 0.616279 0.351207 0.186635
2472.001000 0.619308 0.351162 0.180014
2473.001000 0.620737 0.351089 0.173828
2474.001000 0.620963 0.350639 0.172842
2475.001000 0.620909 0.348932 0.175782
2476.001000 0.621190 0.345084 0.175498
2477.001000 0.622842 0.338927 0.168528
2478.001000 0.627599 0.333461 0.160571
2479.001000 0.634742 0.332985 0.159612
2480.001000 0.640558 0.335341 0.162809
2481.001000 0.643296 0.335961 0.163828
2482.001000 0.644461 0.335264 0.163235
2483.001000 0.646096 0.335595 0.163007
2484.001000 0.649127 0.337018 0.162999
2485.001000 0.653251 0.338077 0.162218
2486.001000 0.657459 0.338315 0.159001
2487.001000 0.660660 0.338290 0.152808
2488.001000 0.662234 0.338114 0.146982
2489.001000 0.662512 0.337177 0.146053
2490.001000 0.662456 0.334675 0.148996
2491.001000 0.662818 0.330083 0.149089
2492.001000 0.664648 0.323587 0.142831
2493.001000 0.669534 0.318160 0.135574
2494.001000 0.676636 0.317745 0.134794
2495.001000 0.682255 0.320115 0.137839
2496.001000 0.684713 0.320829 0.138897
2497.001000 0.685565 0.320283 0.138563
2498.001000 0.686894 0.320821 0.138604
2499.001000 0.689698 0.322576 0.138627
2500.001000 0.693728 0.323997 0.137676
2501.001000 0.697977 0.324404 0.134606
2502.001000 0.701339 0.324251 0.129170
2503.001000 0.703153 0.323644 0.124194
2504.001000 0.703615 0.322067 0.123464
2505.001000 0.703605 0.319009 0.126143
2506.001000 0.703945 0.314252 0.126380
2507.001000 0.705720 0.308034 0.120884
2508.001000 0.710491 0.302951 0.114416
2509.001000 0.717526 0.302562 0.113863
2510.001000 0.723256 0.304867 0.116889
2511.001000 0.725973 0.305633 0.117982
2512.001000 0.727127 0.305081 0.117555
2513.001000 0.728714 0.305437 0.117440
2514.001000 0.731716 0.306965 0.117430
2515.001000 0.735914 0.308246 0.116568
2516.001000 0.740303 0.308602 0.113752
2517.001000 0.743779 0.308475 0.108800
2518.001000 0.745694 0.307831 0.104363
2519.001000 0.746208 0.305888 0.103883
2520.001000 0.746199 0.302102 0.106575
2521.001000 0.746610 0.296578 0.107097
2522.001000 0.748547 0.290011 0.102393
2523.001000 0.753386 0.284993 0.096850
2524.001000 0.760286 0.284642 0.096686
2525.001000 0.765743 0.286933 0.099701
2526.001000 0.768115 0.287832 0.100895
2527.001000 0.768905 0.287503 0.100698
2528.001000 0.770153 0.288106 0.100768
2529.001000 0.772883 0.289952 0.100737
2530.001000 0.776933 0.291580 0.099670
2531.001000 0.781319 0.292102 0.096892
2532.001000 0.784912 0.291861 0.092563
2533.001000 0.787021 0.290883 0.088949
2534.001000 0.787705 0.288457 0.088753
2535.001000 0.787741 0.284197 0.091184
2536.001000 0.788112 0.278453 0.091717
2537.001000 0.789967 0.272077 0.087726
